0    1464815342.110273, 17.889999, 0.095994, UNDEFINED
1    1464815342.123247, 17.920000, 0.087268, VALID
2    1464815342.137224, 17.889999, 0.095994, VALID
3    1464815342.150209, 17.920000, 0.087268, VALID
4    1464815342.163207, 17.910000, 0.095994, VALID
5    1464815342.177282, 17.920000, 0.087268, VALID
6    1464815342.189191, 17.910000, 0.095994, FILTERED
7    1464815342.204183, 17.910000, 0.087268, VALID
8    1464815342.217026, 17.900000, 0.095994, VALID
9    1464815342.230037, 17.920000, 0.087268, VALID
10    1464815342.243027, 17.910000, 0.095994, VALID
11    1464815342.258033, 17.900000, 0.087268, VALID
12    1464815342.270047, 17.889999, 0.095994, VALID
13    1464815342.284098, 17.910000, 0.087268, VALID
14    1464815342.297167, 17.920000, 0.095994, VALID
15    1464815342.310261, 17.910000, 0.087268, VALID
16    1464815342.324077, 17.889999, 0.095994, VALID
17    1464815342.335995, 17.901818, 0.087268, FILTERED
18    1464815342.351122, 17.889999, 0.095994, VALID
19    1464815342.364175, 17.900000, 0.087268, VALID
20    1464815342.378471, 17.889999, 0.095994, VALID
21    1464815342.390217, 17.910000, 0.087268, VALID
22    1464815342.404236, 17.900000, 0.095994, VALID
23    1464815342.417209, 17.900000, 0.087268, VALID
24    1464815342.430389, 17.889999, 0.095994, VALID
25    1464815342.444190, 17.910000, 0.087268, VALID
26    1464815342.457371, 17.889999, 0.095994, VALID
27    1464815342.470045, 17.920000, 0.087268, VALID
28    1464815342.484211, 17.902727, 0.095994, FILTERED
29    1464815342.496999, 17.910000, 0.087268, VALID
30    1464815342.510172, 17.889999, 0.095994, VALID
31    1464815342.524100, 17.910000, 0.087268, VALID
32    1464815342.536144, 17.900000, 0.095994, VALID
33    1464815342.551205, 17.910000, 0.087268, VALID
34    1464815342.563372, 17.900000, 0.095994, VALID
35    1464815342.577178, 17.910000, 0.087268, VALID
36    1464815342.591423, 17.900000, 0.095994, VALID
37    1464815342.603110, 17.900000, 0.087268, VALID
38    1464815342.617322, 17.889999, 0.095994, VALID
39    1464815342.631384, 17.905454, 0.087268, FILTERED
40    1464815342.643083, 17.910000, 0.095994, VALID
41    1464815342.656138, 17.920000, 0.087268, VALID
42    1464815342.671302, 17.900000, 0.095994, VALID
43    1464815342.683316, 17.920000, 0.087268, VALID
44    1464815342.696270, 17.900000, 0.095994, VALID
45    1464815342.711352, 17.940001, 0.087268, VALID
46    1464815342.723094, 17.900000, 0.095994, VALID
47    1464815342.737240, 17.940001, 0.087268, VALID
48    1464815342.750261, 17.900000, 0.095994, VALID
49    1464815342.764020, 17.910000, 0.087268, VALID
50    1464815342.777138, 17.910000, 0.095994, FILTERED
51    1464815342.791048, 17.900000, 0.087268, VALID
52    1464815342.804190, 17.900000, 0.095994, VALID
53    1464815342.818075, 17.900000, 0.087268, VALID
54    1464815342.831243, 17.900000, 0.095994, VALID
55    1464815342.843247, 17.910000, 0.087268, VALID
56    1464815342.858205, 17.900000, 0.095994, VALID
57    1464815342.871289, 17.910000, 0.087268, VALID
58    1464815342.883317, 17.910000, 0.095994, VALID
59    1464815342.898269, 17.920000, 0.087268, VALID
60    1464815342.911294, 17.900000, 0.095994, VALID
61    1464815342.923163, 17.910909, 0.087268, FILTERED
62    1464815342.938772, 17.900000, 0.095994, VALID
63    1464815342.950179, 17.910000, 0.087268, VALID
64    1464815342.963238, 17.910000, 0.095994, VALID
65    1464815342.977969, 17.920000, 0.087268, VALID
66    1464815342.990235, 17.920000, 0.078541, VALID
67    1464815343.004197, 17.910000, 0.087268, VALID
68    1464815343.018172, 17.889999, 0.095994, VALID
69    1464815343.031375, 17.920000, 0.087268, VALID
70    1464815343.044266, 17.910000, 0.095994, VALID
71    1464815343.057238, 17.940001, 0.087268, VALID
72    1464815343.071183, 17.910909, 0.095994, FILTERED
73    1464815343.083091, 17.910000, 0.087268, VALID
74    1464815343.098248, 17.910000, 0.095994, VALID
75    1464815343.111186, 17.920000, 0.087268, VALID
76    1464815343.123124, 17.889999, 0.095994, VALID
77    1464815343.138183, 17.910000, 0.087268, VALID
78    1464815343.150249, 17.910000, 0.095994, VALID
79    1464815343.165209, 17.940001, 0.087268, VALID
80    1464815343.177228, 17.910000, 0.095994, VALID
81    1464815343.191301, 17.900000, 0.087268, VALID
82    1464815343.205290, 17.920000, 0.078541, VALID
83    1464815343.217359, 17.917273, 0.087268, FILTERED
84    1464815343.231263, 17.900000, 0.095994, VALID
85    1464815343.244249, 17.940001, 0.069814, VALID
86    1464815343.258255, 17.900000, 0.095994, VALID
87    1464815343.270206, 17.940001, 0.087268, VALID
88    1464815343.285206, 17.910000, 0.095994, VALID
89    1464815343.297246, 17.900000, 0.087268, VALID
90    1464815343.311257, 17.920000, 0.095994, VALID
91    1464815343.325266, 17.920000, 0.087268, VALID
92    1464815343.338041, 17.900000, 0.095994, VALID
93    1464815343.350011, 17.920000, 0.087268, VALID
94    1464815343.365200, 17.917273, 0.095994, FILTERED
95    1464815343.377357, 17.940001, 0.087268, VALID
96    1464815343.390219, 17.900000, 0.095994, VALID
97    1464815343.404071, 17.949999, 0.069814, VALID
98    1464815343.418253, 17.910000, 0.095994, VALID
99    1464815343.430279, 17.940001, 0.087268, VALID
100    1464815343.444924, 17.900000, 0.095994, VALID
101    1464815343.458187, 17.920000, 0.087268, VALID
102    1464815343.471048, 17.910000, 0.095994, VALID
103    1464815343.484014, 17.920000, 0.087268, VALID
104    1464815343.499033, 17.910000, 0.095994, VALID
105    1464815343.511204, 17.916364, 0.087268, FILTERED
106    1464815343.524163, 17.900000, 0.095994, VALID
107    1464815343.537424, 17.920000, 0.087268, VALID
108    1464815343.550006, 17.900000, 0.095994, VALID
109    1464815343.565058, 17.940001, 0.087268, VALID
110    1464815343.578065, 17.940001, 0.095994, VALID
111    1464815343.591224, 17.920000, 0.087268, VALID
112    1464815343.604249, 17.900000, 0.095994, VALID
113    1464815343.618033, 17.940001, 0.087268, VALID
114    1464815343.631051, 17.910000, 0.095994, VALID
115    1464815343.643126, 17.910000, 0.087268, VALID
116    1464815343.657083, 17.920000, 0.095994, FILTERED
117    1464815343.672097, 17.940001, 0.087268, VALID
118    1464815343.684048, 17.920000, 0.095994, VALID
119    1464815343.698575, 17.949999, 0.087268, VALID
120    1464815343.711101, 17.900000, 0.095994, VALID
121    1464815343.724128, 17.920000, 0.087268, VALID
122    1464815343.737095, 17.900000, 0.095994, VALID
123    1464815343.751095, 17.949999, 0.069814, VALID
124    1464815343.767046, 17.920000, 0.095994, VALID
125    1464815343.777031, 17.920000, 0.087268, VALID
126    1464815343.792081, 17.920000, 0.095994, VALID
127    1464815343.804643, 17.919091, 0.087268, FILTERED
128    1464815343.816629, 17.910000, 0.095994, VALID
129    1464815343.832678, 17.920000, 0.087268, VALID
130    1464815343.844573, 17.910000, 0.095994, VALID
131    1464815343.857655, 17.910000, 0.087268, VALID
132    1464815343.870654, 17.910000, 0.095994, VALID
133    1464815343.885566, 17.940001, 0.087268, VALID
134    1464815343.898626, 17.910000, 0.095994, VALID
135    1464815343.911616, 17.940001, 0.087268, VALID
136    1464815343.923618, 17.900000, 0.095994, VALID
137    1464815343.938580, 17.940001, 0.087268, VALID
138    1464815343.950600, 17.920909, 0.095994, FILTERED
139    1464815343.964572, 17.940001, 0.087268, VALID
140    1464815343.978546, 17.910000, 0.095994, VALID
141    1464815343.990541, 17.920000, 0.087268, VALID
142    1464815344.004638, 17.920000, 0.095994, VALID
143    1464815344.017531, 17.920000, 0.087268, VALID
144    1464815344.031864, 17.910000, 0.095994, VALID
145    1464815344.044662, 17.949999, 0.087268, VALID
146    1464815344.057988, 17.910000, 0.095994, VALID
147    1464815344.070578, 17.920000, 0.087268, VALID
148    1464815344.084522, 17.910000, 0.095994, VALID
149    1464815344.097446, 17.916363, 0.087268, FILTERED
150    1464815344.110556, 17.900000, 0.095994, VALID
151    1464815344.124501, 17.910000, 0.087268, VALID
152    1464815344.138678, 17.900000, 0.095994, VALID
153    1464815344.151934, 17.940001, 0.087268, VALID
154    1464815344.165562, 17.910000, 0.095994, VALID
155    1464815344.177523, 17.910000, 0.087268, VALID
156    1464815344.191550, 17.920000, 0.095994, VALID
157    1464815344.204680, 17.940001, 0.087268, VALID
158    1464815344.218528, 17.900000, 0.095994, VALID
159    1464815344.231489, 17.920000, 0.087268, VALID
160    1464815344.244666, 17.917273, 0.095994, FILTERED
161    1464815344.257585, 17.920000, 0.087268, VALID
162    1464815344.270533, 17.910000, 0.095994, VALID
163    1464815344.284755, 17.940001, 0.087268, VALID
164    1464815344.299554, 17.910000, 0.095994, VALID
165    1464815344.312576, 17.920000, 0.087268, VALID
166    1464815344.325593, 17.900000, 0.095994, VALID
167    1464815344.337625, 17.920000, 0.087268, VALID
168    1464815344.352587, 17.900000, 0.095994, VALID
169    1464815344.364541, 17.910000, 0.087268, VALID
170    1464815344.378763, 17.900000, 0.095994, VALID
171    1464815344.391593, 17.915454, 0.087268, FILTERED
172    1464815344.404582, 17.889999, 0.095994, VALID
173    1464815344.417764, 17.949999, 0.069814, VALID
174    1464815344.431730, 17.920000, 0.095994, VALID
175    1464815344.444598, 17.920000, 0.087268, VALID
176    1464815344.459809, 17.920000, 0.095994, VALID
177    1464815344.471705, 17.940001, 0.087268, VALID
178    1464815344.486259, 17.900000, 0.095994, VALID
179    1464815344.497827, 17.920000, 0.087268, VALID
180    1464815344.510788, 17.910000, 0.095994, VALID
181    1464815344.524746, 17.920000, 0.087268, VALID
182    1464815344.537745, 17.915455, 0.095994, FILTERED
183    1464815344.551799, 17.920000, 0.087268, VALID
184    1464815344.564819, 17.900000, 0.095994, VALID
185    1464815344.578745, 17.920000, 0.087268, VALID
186    1464815344.592273, 17.920000, 0.095994, VALID
187    1464815344.604747, 17.920000, 0.087268, VALID
188    1464815344.618815, 17.900000, 0.095994, VALID
189    1464815344.631726, 17.920000, 0.087268, VALID
190    1464815344.644714, 17.910000, 0.095994, VALID
191    1464815344.658837, 17.920000, 0.087268, VALID
192    1464815344.671829, 17.910000, 0.095994, VALID
193    1464815344.685713, 17.912727, 0.087268, FILTERED
194    1464815344.698818, 17.900000, 0.095994, VALID
195    1464815344.712825, 17.920000, 0.087268, VALID
196    1464815344.725747, 17.910000, 0.095994, VALID
197    1464815344.740612, 17.920000, 0.087268, VALID
198    1464815344.751637, 17.910000, 0.095994, VALID
199    1464815344.764669, 17.949999, 0.087268, VALID
200    1464815344.779697, 17.920000, 0.095994, VALID
201    1464815344.791575, 17.920000, 0.087268, VALID
202    1464815344.804667, 17.889999, 0.095994, VALID
203    1464815344.818606, 17.920000, 0.087268, VALID
204    1464815344.831611, 17.915454, 0.095994, FILTERED
205    1464815344.844597, 17.920000, 0.087268, VALID
206    1464815344.858778, 17.910000, 0.095994, VALID
207    1464815344.870615, 17.920000, 0.087268, VALID
208    1464815344.886647, 17.889999, 0.095994, VALID
209    1464815344.898609, 17.920000, 0.087268, VALID
210    1464815344.911548, 17.900000, 0.095994, VALID
211    1464815344.925782, 17.920000, 0.087268, VALID
212    1464815344.938629, 17.910000, 0.095994, VALID
213    1464815344.950613, 17.920000, 0.087268, VALID
214    1464815344.964653, 17.900000, 0.095994, VALID
215    1464815344.978522, 17.911818, 0.087268, FILTERED
216    1464815344.990631, 17.910000, 0.095994, VALID
217    1464815345.007708, 17.920000, 0.087268, VALID
218    1464815345.018674, 17.900000, 0.095994, VALID
219    1464815345.031776, 17.940001, 0.087268, VALID
220    1464815345.044951, 17.889999, 0.095994, VALID
221    1464815345.057572, 17.920000, 0.087268, VALID
222    1464815345.071736, 17.900000, 0.095994, VALID
223    1464815345.085872, 17.920000, 0.087268, VALID
224    1464815345.098805, 17.910000, 0.095994, VALID
225    1464815345.110712, 17.920000, 0.087268, VALID
226    1464815345.123855, 17.918182, 0.095994, FILTERED
227    1464815345.139058, 17.940001, 0.087268, VALID
228    1464815345.151824, 17.900000, 0.095994, VALID
229    1464815345.164816, 17.940001, 0.087268, VALID
230    1464815345.177930, 17.920000, 0.095994, VALID
231    1464815345.191002, 17.920000, 0.087268, VALID
232    1464815345.204831, 17.910000, 0.095994, VALID
233    1464815345.218803, 17.900000, 0.087268, VALID
234    1464815345.231899, 17.900000, 0.095994, VALID
235    1464815345.245064, 17.910000, 0.087268, VALID
236    1464815345.258878, 17.920000, 0.078541, VALID
237    1464815345.271026, 17.912727, 0.087268, FILTERED
238    1464815345.284832, 17.900000, 0.095994, VALID
239    1464815345.298735, 17.920000, 0.087268, VALID
240    1464815345.310839, 17.920000, 0.095994, VALID
241    1464815345.325656, 17.940001, 0.087268, VALID
242    1464815345.338803, 17.900000, 0.095994, VALID
243    1464815345.351535, 17.920000, 0.087268, VALID
244    1464815345.364606, 17.910000, 0.095994, VALID
245    1464815345.377565, 17.920000, 0.087268, VALID
246    1464815345.390684, 17.900000, 0.095994, VALID
247    1464815345.404604, 17.910000, 0.087268, VALID
248    1464815345.418750, 17.913636, 0.095994, FILTERED
249    1464815345.431840, 17.920000, 0.087268, VALID
250    1464815345.445751, 17.889999, 0.095994, VALID
251    1464815345.458578, 17.949999, 0.069814, VALID
252    1464815345.471485, 17.900000, 0.095994, VALID
253    1464815345.484645, 17.920000, 0.087268, VALID
254    1464815345.497657, 17.900000, 0.095994, VALID
255    1464815345.511495, 17.900000, 0.087268, VALID
256    1464815345.525702, 17.910000, 0.095994, VALID
257    1464815345.539589, 17.910000, 0.087268, VALID
258    1464815345.552655, 17.910000, 0.095994, VALID
259    1464815345.564596, 17.909091, 0.087268, FILTERED
260    1464815345.577599, 17.879999, 0.095994, VALID
261    1464815345.592615, 17.940001, 0.087268, VALID
262    1464815345.604574, 17.900000, 0.095994, VALID
263    1464815345.617553, 17.910000, 0.087268, VALID
264    1464815345.631545, 17.920000, 0.095994, VALID
265    1464815345.644649, 17.910000, 0.087268, VALID
266    1464815345.657619, 17.900000, 0.095994, VALID
267    1464815345.672633, 17.920000, 0.087268, VALID
268    1464815345.684672, 17.910000, 0.095994, VALID
269    1464815345.698534, 17.910000, 0.087268, VALID
270    1464815345.712564, 17.915455, 0.095994, FILTERED
271    1464815345.724759, 17.940001, 0.087268, VALID
272    1464815345.738547, 17.920000, 0.078541, VALID
273    1464815345.752546, 17.940001, 0.087268, VALID
274    1464815345.764613, 17.900000, 0.095994, VALID
275    1464815345.778608, 17.920000, 0.087268, VALID
276    1464815345.791617, 17.910000, 0.095994, VALID
277    1464815345.804557, 17.920000, 0.087268, VALID
278    1464815345.817529, 17.889999, 0.095994, VALID
279    1464815345.831609, 17.940001, 0.087268, VALID
280    1464815345.844630, 17.900000, 0.095994, VALID
281    1464815345.858580, 17.910909, 0.087268, FILTERED
282    1464815345.871621, 17.889999, 0.095994, VALID
283    1464815345.885625, 17.920000, 0.087268, VALID
284    1464815345.898623, 17.910000, 0.095994, VALID
285    1464815345.911544, 17.910000, 0.087268, VALID
286    1464815345.925668, 17.910000, 0.095994, VALID
287    1464815345.940478, 17.920000, 0.087268, VALID
288    1464815345.951619, 17.920000, 0.095994, VALID
289    1464815345.964571, 17.920000, 0.087268, VALID
290    1464815345.979668, 17.900000, 0.095994, VALID
291    1464815345.994735, 17.940001, 0.087268, VALID
292    1464815346.004576, 17.917273, 0.095994, FILTERED
293    1464815346.019635, 17.910000, 0.087268, VALID
294    1464815346.031940, 17.900000, 0.095994, VALID
295    1464815346.045964, 17.920000, 0.087268, VALID
296    1464815346.058964, 17.910000, 0.095994, VALID
297    1464815346.072092, 17.949999, 0.069814, VALID
298    1464815346.085883, 17.900000, 0.095994, VALID
299    1464815346.098997, 17.940001, 0.087268, VALID
300    1464815346.111821, 17.910000, 0.095994, VALID
301    1464815346.124860, 17.920000, 0.087268, VALID
302    1464815346.137888, 17.900000, 0.095994, VALID
303    1464815346.152830, 17.914545, 0.087268, FILTERED
304    1464815346.165824, 17.910000, 0.095994, VALID
305    1464815346.179349, 17.949999, 0.087268, VALID
306    1464815346.191422, 17.900000, 0.095994, VALID
307    1464815346.205376, 17.920000, 0.087268, VALID
308    1464815346.218286, 17.889999, 0.095994, VALID
309    1464815346.231234, 17.910000, 0.087268, VALID
310    1464815346.245370, 17.900000, 0.095994, VALID
311    1464815346.259438, 17.940001, 0.069814, VALID
312    1464815346.271391, 17.910000, 0.095994, VALID
313    1464815346.286393, 17.920000, 0.087268, VALID
314    1464815346.299436, 17.918182, 0.095994, FILTERED
315    1464815346.311427, 17.940001, 0.087268, VALID
316    1464815346.325517, 17.910000, 0.095994, VALID
317    1464815346.339232, 17.940001, 0.087268, VALID
318    1464815346.352361, 17.900000, 0.095994, VALID
319    1464815346.365247, 17.920000, 0.087268, VALID
320    1464815346.378283, 17.900000, 0.095994, VALID
321    1464815346.391449, 17.920000, 0.087268, VALID
322    1464815346.405195, 17.910000, 0.095994, VALID
323    1464815346.418211, 17.920000, 0.087268, VALID
324    1464815346.431383, 17.920000, 0.095994, VALID
325    1464815346.445332, 17.910000, 0.087268, FILTERED
326    1464815346.459464, 17.900000, 0.095994, VALID
327    1464815346.472364, 17.920000, 0.087268, VALID
328    1464815346.485285, 17.889999, 0.095994, VALID
329    1464815346.499346, 17.920000, 0.087268, VALID
330    1464815346.511241, 17.889999, 0.095994, VALID
331    1464815346.526416, 17.910000, 0.087268, VALID
332    1464815346.539326, 17.889999, 0.095994, VALID
333    1464815346.553285, 17.920000, 0.087268, VALID
334    1464815346.565202, 17.900000, 0.095994, VALID
335    1464815346.578356, 17.910000, 0.087268, VALID
336    1464815346.592251, 17.907273, 0.095994, FILTERED
337    1464815346.605164, 17.920000, 0.087268, VALID
338    1464815346.618147, 17.900000, 0.095994, VALID
339    1464815346.633490, 17.910000, 0.087268, VALID
340    1464815346.645170, 17.900000, 0.095994, VALID
341    1464815346.658425, 17.910000, 0.087268, VALID
342    1464815346.672198, 17.879999, 0.095994, VALID
343    1464815346.685327, 17.910000, 0.087268, VALID
344    1464815346.698120, 17.889999, 0.095994, VALID
345    1464815346.713360, 17.910000, 0.087268, VALID
346    1464815346.725338, 17.889999, 0.095994, VALID
347    1464815346.738242, 17.899091, 0.087268, FILTERED
348    1464815346.752274, 17.889999, 0.095994, VALID
349    1464815346.765248, 17.910000, 0.087268, VALID
350    1464815346.778260, 17.900000, 0.095994, VALID
351    1464815346.792228, 17.910000, 0.087268, VALID
352    1464815346.805325, 17.889999, 0.095994, VALID
353    1464815346.818403, 17.900000, 0.087268, VALID
354    1464815346.832174, 17.910000, 0.095994, VALID
355    1464815346.846274, 17.940001, 0.087268, VALID
356    1464815346.858262, 17.900000, 0.095994, VALID
357    1464815346.872217, 17.920000, 0.087268, VALID
358    1464815346.885212, 17.907273, 0.095994, FILTERED
359    1464815346.899180, 17.910000, 0.087268, VALID
360    1464815346.913309, 17.889999, 0.095994, VALID
361    1464815346.925210, 17.910000, 0.087268, VALID
362    1464815346.939192, 17.910000, 0.095994, VALID
363    1464815346.952171, 17.900000, 0.087268, VALID
364    1464815346.967328, 17.879999, 0.095994, VALID
365    1464815346.978504, 17.910000, 0.087268, VALID
366    1464815346.992201, 17.900000, 0.095994, VALID
367    1464815347.004743, 17.910000, 0.087268, VALID
368    1464815347.018661, 17.889999, 0.095994, VALID
369    1464815347.034959, 17.895454, 0.087268, FILTERED
370    1464815347.045803, 17.889999, 0.095994, VALID
371    1464815347.058887, 17.900000, 0.087268, VALID
372    1464815347.071838, 17.889999, 0.095994, VALID
373    1464815347.084863, 17.889999, 0.087268, VALID
374    1464815347.098807, 17.889999, 0.095994, VALID
375    1464815347.111840, 17.910000, 0.087268, VALID
376    1464815347.125979, 17.900000, 0.095994, VALID
377    1464815347.138739, 17.910000, 0.087268, VALID
378    1464815347.151614, 17.900000, 0.095994, VALID
379    1464815347.165637, 17.910000, 0.087268, VALID
380    1464815347.178663, 17.902727, 0.095994, FILTERED
381    1464815347.192737, 17.900000, 0.087268, VALID
382    1464815347.205652, 17.889999, 0.095994, VALID
383    1464815347.218656, 17.910000, 0.087268, VALID
384    1464815347.231663, 17.889999, 0.095994, VALID
385    1464815347.244662, 17.910000, 0.087268, VALID
386    1464815347.258663, 17.900000, 0.095994, VALID
387    1464815347.272676, 17.920000, 0.087268, VALID
388    1464815347.285652, 17.889999, 0.095994, VALID
389    1464815347.298961, 17.920000, 0.087268, VALID
390    1464815347.311877, 17.900000, 0.095994, VALID
391    1464815347.326065, 17.910000, 0.087268, FILTERED
392    1464815347.339701, 17.900000, 0.095994, VALID
393    1464815347.351664, 17.920000, 0.069814, VALID
394    1464815347.366834, 17.910000, 0.095994, VALID
395    1464815347.379730, 17.940001, 0.069814, VALID
396    1464815347.393018, 17.889999, 0.095994, VALID
397    1464815347.406898, 17.920000, 0.087268, VALID
398    1464815347.418907, 17.900000, 0.095994, VALID
399    1464815347.432867, 17.920000, 0.087268, VALID
400    1464815347.446030, 17.910000, 0.095994, VALID
401    1464815347.459864, 17.910000, 0.087268, VALID
402    1464815347.471842, 17.910000, 0.095994, FILTERED
403    1464815347.485933, 17.910000, 0.087268, VALID
404    1464815347.499850, 17.900000, 0.095994, VALID
405    1464815347.511842, 17.920000, 0.087268, VALID
406    1464815347.526900, 17.889999, 0.095994, VALID
407    1464815347.538670, 17.920000, 0.087268, VALID
408    1464815347.551909, 17.900000, 0.095994, VALID
409    1464815347.565757, 17.959999, 0.069814, VALID
410    1464815347.579887, 17.900000, 0.095994, VALID
411    1464815347.592086, 17.940001, 0.087268, VALID
412    1464815347.606824, 17.889999, 0.095994, VALID
413    1464815347.619074, 17.920000, 0.069814, FILTERED
414    1464815347.631916, 17.900000, 0.095994, VALID
415    1464815347.646745, 17.920000, 0.087268, VALID
416    1464815347.660088, 17.910000, 0.095994, VALID
417    1464815347.671829, 17.940001, 0.069814, VALID
418    1464815347.686832, 17.920000, 0.095994, VALID
419    1464815347.699847, 17.910000, 0.087268, VALID
420    1464815347.712825, 17.910000, 0.095994, VALID
421    1464815347.725728, 17.910000, 0.087268, VALID
422    1464815347.738918, 17.920000, 0.095994, VALID
423    1464815347.752874, 17.900000, 0.087268, VALID
424    1464815347.765744, 17.911818, 0.078541, FILTERED
425    1464815347.779920, 17.910000, 0.087268, VALID
426    1464815347.792969, 17.889999, 0.095994, VALID
427    1464815347.805849, 17.920000, 0.087268, VALID
428    1464815347.819904, 17.900000, 0.095994, VALID
429    1464815347.833625, 17.940001, 0.087268, VALID
430    1464815347.845652, 17.910000, 0.095994, VALID
431    1464815347.858670, 17.920000, 0.087268, VALID
432    1464815347.872658, 17.910000, 0.095994, VALID
433    1464815347.885645, 17.910000, 0.087268, VALID
434    1464815347.898654, 17.900000, 0.095994, VALID
435    1464815347.912672, 17.915455, 0.087268, FILTERED
436    1464815347.925714, 17.910000, 0.095994, VALID
437    1464815347.939681, 17.940001, 0.069814, VALID
438    1464815347.953651, 17.900000, 0.095994, VALID
439    1464815347.966710, 17.920000, 0.087268, VALID
440    1464815347.978670, 17.910000, 0.095994, VALID
441    1464815347.993437, 17.910000, 0.087268, VALID
442    1464815348.005819, 17.910000, 0.095994, VALID
443    1464815348.019945, 17.920000, 0.087268, VALID
444    1464815348.032924, 17.910000, 0.095994, VALID
445    1464815348.045859, 17.910000, 0.087268, VALID
446    1464815348.059873, 17.915455, 0.095994, FILTERED
447    1464815348.072071, 17.940001, 0.087268, VALID
448    1464815348.085823, 17.920000, 0.095994, VALID
449    1464815348.100023, 17.920000, 0.087268, VALID
450    1464815348.113115, 17.889999, 0.095994, VALID
451    1464815348.125995, 17.940001, 0.087268, VALID
452    1464815348.140014, 17.900000, 0.095994, VALID
453    1464815348.153025, 17.920000, 0.087268, VALID
454    1464815348.165903, 17.900000, 0.095994, VALID
455    1464815348.180356, 17.940001, 0.087268, VALID
456    1464815348.193012, 17.910000, 0.095994, VALID
457    1464815348.205952, 17.914545, 0.087268, FILTERED
458    1464815348.221061, 17.889999, 0.095994, VALID
459    1464815348.232957, 17.920000, 0.087268, VALID
460    1464815348.246150, 17.910000, 0.095994, VALID
461    1464815348.259044, 17.940001, 0.087268, VALID
462    1464815348.271911, 17.910000, 0.095994, VALID
463    1464815348.285103, 17.940001, 0.087268, VALID
464    1464815348.300029, 17.889999, 0.095994, VALID
465    1464815348.313025, 17.910000, 0.087268, VALID
466    1464815348.327033, 17.889999, 0.095994, VALID
467    1464815348.340129, 17.910000, 0.087268, VALID
468    1464815348.352289, 17.908182, 0.095994, FILTERED
469    1464815348.365987, 17.920000, 0.087268, VALID
470    1464815348.379077, 17.900000, 0.095994, VALID
471    1464815348.392158, 17.920000, 0.087268, VALID
472    1464815348.405077, 17.889999, 0.095994, VALID
473    1464815348.420105, 17.920000, 0.087268, VALID
474    1464815348.431914, 17.910000, 0.095994, VALID
475    1464815348.447172, 17.920000, 0.087268, VALID
476    1464815348.460227, 17.900000, 0.095994, VALID
477    1464815348.473084, 17.910000, 0.087268, VALID
478    1464815348.487330, 17.910000, 0.095994, VALID
479    1464815348.499005, 17.910909, 0.087268, FILTERED
480    1464815348.513984, 17.910000, 0.095994, VALID
481    1464815348.527107, 17.910000, 0.087268, VALID
482    1464815348.540111, 17.910000, 0.095994, VALID
483    1464815348.552092, 17.910000, 0.087268, VALID
484    1464815348.567040, 17.910000, 0.095994, VALID
485    1464815348.579536, 17.920000, 0.087268, VALID
486    1464815348.592244, 17.900000, 0.095994, VALID
487    1464815348.606920, 17.920000, 0.087268, VALID
488    1464815348.619925, 17.910000, 0.095994, VALID
489    1464815348.631830, 17.910000, 0.087268, VALID
490    1464815348.645829, 17.913636, 0.095994, FILTERED
491    1464815348.658841, 17.940001, 0.087268, VALID
492    1464815348.672846, 17.900000, 0.095994, VALID
493    1464815348.686142, 17.940001, 0.087268, VALID
494    1464815348.698867, 17.889999, 0.095994, VALID
495    1464815348.712851, 17.920000, 0.087268, VALID
496    1464815348.726973, 17.900000, 0.095994, VALID
497    1464815348.739820, 17.910000, 0.087268, VALID
498    1464815348.753822, 17.889999, 0.095994, VALID
499    1464815348.766824, 17.910000, 0.087268, VALID
500    1464815348.780730, 17.920000, 0.078541, VALID
501    1464815348.792806, 17.910909, 0.087268, FILTERED
502    1464815348.805828, 17.920000, 0.095994, VALID
503    1464815348.819852, 17.940001, 0.087268, VALID
504    1464815348.833101, 17.889999, 0.095994, VALID
505    1464815348.847924, 17.920000, 0.087268, VALID
506    1464815348.860164, 17.900000, 0.095994, VALID
507    1464815348.873327, 17.920000, 0.087268, VALID
508    1464815348.886260, 17.900000, 0.095994, VALID
509    1464815348.900271, 17.920000, 0.087268, VALID
510    1464815348.914106, 17.910000, 0.095994, VALID
511    1464815348.926098, 17.920000, 0.087268, VALID
512    1464815348.940089, 17.913636, 0.095994, FILTERED
513    1464815348.953175, 17.910000, 0.087268, VALID
514    1464815348.966137, 17.900000, 0.095994, VALID
515    1464815348.981522, 17.920000, 0.087268, VALID
516    1464815348.994549, 17.920000, 0.095994, VALID
517    1464815349.005614, 17.920000, 0.087268, VALID
518    1464815349.020797, 17.900000, 0.095994, VALID
519    1464815349.033894, 17.910000, 0.087268, VALID
520    1464815349.045734, 17.910000, 0.095994, VALID
521    1464815349.061724, 17.940001, 0.087268, VALID
522    1464815349.073720, 17.910000, 0.095994, VALID
523    1464815349.086646, 17.908182, 0.087268, FILTERED
524    1464815349.100667, 17.889999, 0.095994, VALID
525    1464815349.112719, 17.910000, 0.087268, VALID
526    1464815349.125542, 17.900000, 0.095994, VALID
527    1464815349.140945, 17.910000, 0.087268, VALID
528    1464815349.153732, 17.900000, 0.095994, VALID
529    1464815349.166427, 17.920000, 0.087268, VALID
530    1464815349.181570, 17.920000, 0.095994, VALID
531    1464815349.192812, 17.910000, 0.087268, VALID
532    1464815349.207856, 17.900000, 0.095994, VALID
533    1464815349.219585, 17.920000, 0.087268, VALID
534    1464815349.233740, 17.910909, 0.095994, FILTERED
535    1464815349.247776, 17.900000, 0.087268, VALID
536    1464815349.259563, 17.889999, 0.095994, VALID
537    1464815349.272736, 17.940001, 0.087268, VALID
538    1464815349.287576, 17.900000, 0.095994, VALID
539    1464815349.300685, 17.920000, 0.087268, VALID
540    1464815349.312786, 17.900000, 0.095994, VALID
541    1464815349.327752, 17.920000, 0.087268, VALID
542    1464815349.340492, 17.900000, 0.095994, VALID
543    1464815349.353642, 17.940001, 0.087268, VALID
544    1464815349.367583, 17.910000, 0.095994, VALID
545    1464815349.379521, 17.915455, 0.087268, FILTERED
546    1464815349.393508, 17.920000, 0.095994, VALID
547    1464815349.407464, 17.940001, 0.087268, VALID
548    1464815349.419571, 17.910000, 0.095994, VALID
549    1464815349.433358, 17.920000, 0.087268, VALID
550    1464815349.447426, 17.900000, 0.095994, VALID
551    1464815349.459473, 17.940001, 0.087268, VALID
552    1464815349.473783, 17.900000, 0.095994, VALID
553    1464815349.486771, 17.920000, 0.087268, VALID
554    1464815349.499711, 17.920000, 0.095994, VALID
555    1464815349.513376, 17.920000, 0.087268, VALID
556    1464815349.527700, 17.914545, 0.095994, FILTERED
557    1464815349.540738, 17.920000, 0.087268, VALID
558    1464815349.553545, 17.900000, 0.095994, VALID
559    1464815349.566591, 17.920000, 0.087268, VALID
560    1464815349.580940, 17.900000, 0.095994, VALID
561    1464815349.593534, 17.920000, 0.087268, VALID
562    1464815349.606472, 17.920000, 0.095994, VALID
563    1464815349.619451, 17.910000, 0.087268, VALID
564    1464815349.633372, 17.900000, 0.095994, VALID
565    1464815349.647449, 17.920000, 0.087268, VALID
566    1464815349.660475, 17.920000, 0.095994, VALID
567    1464815349.673665, 17.910909, 0.087268, FILTERED
568    1464815349.686542, 17.900000, 0.095994, VALID
569    1464815349.700904, 17.920000, 0.087268, VALID
570    1464815349.713576, 17.900000, 0.095994, VALID
571    1464815349.727122, 17.920000, 0.087268, VALID
572    1464815349.739550, 17.900000, 0.095994, VALID
573    1464815349.754613, 17.940001, 0.069814, VALID
574    1464815349.766583, 17.910000, 0.095994, VALID
575    1464815349.780832, 17.920000, 0.087268, VALID
576    1464815349.794916, 17.900000, 0.095994, VALID
577    1464815349.807558, 17.910000, 0.087268, VALID
578    1464815349.819463, 17.916364, 0.095994, FILTERED
579    1464815349.833596, 17.940001, 0.087268, VALID
580    1464815349.846602, 17.900000, 0.095994, VALID
581    1464815349.860423, 17.940001, 0.087268, VALID
582    1464815349.874354, 17.910000, 0.095994, VALID
583    1464815349.886370, 17.920000, 0.087268, VALID
584    1464815349.901863, 17.900000, 0.095994, VALID
585    1464815349.914534, 17.920000, 0.087268, VALID
586    1464815349.926648, 17.910000, 0.095994, VALID
587    1464815349.940620, 17.910000, 0.087268, VALID
588    1464815349.954381, 17.920000, 0.095994, VALID
589    1464815349.966607, 17.912727, 0.087268, FILTERED
590    1464815349.979662, 17.920000, 0.095994, VALID
591    1464815349.993598, 17.940001, 0.087268, VALID
592    1464815350.006544, 17.889999, 0.095994, VALID
593    1464815350.019554, 17.910000, 0.087268, VALID
594    1464815350.033594, 17.900000, 0.095994, VALID
595    1464815350.046410, 17.920000, 0.087268, VALID
596    1464815350.061509, 17.900000, 0.095994, VALID
597    1464815350.073430, 17.920000, 0.087268, VALID
598    1464815350.086445, 17.900000, 0.095994, VALID
599    1464815350.101433, 17.910000, 0.087268, VALID
600    1464815350.113738, 17.911818, 0.095994, FILTERED
601    1464815350.127681, 17.910000, 0.087268, VALID
602    1464815350.139447, 17.910000, 0.095994, VALID
603    1464815350.153400, 17.920000, 0.087268, VALID
604    1464815350.165678, 17.910000, 0.095994, VALID
605    1464815350.180555, 17.920000, 0.087268, VALID
606    1464815350.193464, 17.900000, 0.095994, VALID
607    1464815350.206423, 17.910000, 0.087268, VALID
608    1464815350.219355, 17.910000, 0.095994, VALID
609    1464815350.233380, 17.940001, 0.087268, VALID
610    1464815350.246457, 17.910000, 0.095994, VALID
611    1464815350.260414, 17.914545, 0.087268, FILTERED
612    1464815350.273355, 17.900000, 0.095994, VALID
613    1464815350.285353, 17.949999, 0.069814, VALID
614    1464815350.300336, 17.900000, 0.095994, VALID
615    1464815350.313363, 17.920000, 0.087268, VALID
616    1464815350.326390, 17.900000, 0.095994, VALID
617    1464815350.340343, 17.900000, 0.087268, VALID
618    1464815350.353471, 17.920000, 0.095994, VALID
619    1464815350.367417, 17.920000, 0.087268, VALID
620    1464815350.380733, 17.920000, 0.095994, VALID
621    1464815350.393390, 17.920000, 0.087268, VALID
622    1464815350.407356, 17.917273, 0.095994, FILTERED
623    1464815350.419389, 17.940001, 0.087268, VALID
624    1464815350.433204, 17.910000, 0.095994, VALID
625    1464815350.448064, 17.920000, 0.087268, VALID
626    1464815350.460522, 17.900000, 0.095994, VALID
627    1464815350.474148, 17.920000, 0.087268, VALID
628    1464815350.487973, 17.910000, 0.095994, VALID
629    1464815350.501147, 17.920000, 0.087268, VALID
630    1464815350.513926, 17.900000, 0.095994, VALID
631    1464815350.526938, 17.940001, 0.087268, VALID
632    1464815350.540072, 17.910000, 0.095994, VALID
633    1464815350.554036, 17.913636, 0.087268, FILTERED
634    1464815350.568061, 17.910000, 0.095994, VALID
635    1464815350.581130, 17.920000, 0.087268, VALID
636    1464815350.594151, 17.900000, 0.095994, VALID
637    1464815350.608002, 17.940001, 0.087268, VALID
638    1464815350.620103, 17.889999, 0.095994, VALID
639    1464815350.634033, 17.920000, 0.087268, VALID
640    1464815350.646909, 17.900000, 0.095994, VALID
641    1464815350.659950, 17.920000, 0.087268, VALID
642    1464815350.672882, 17.900000, 0.095994, VALID
643    1464815350.688068, 17.920000, 0.087268, VALID
644    1464815350.700068, 17.910909, 0.095994, FILTERED
645    1464815350.713913, 17.920000, 0.087268, VALID
646    1464815350.727780, 17.889999, 0.095994, VALID
647    1464815350.739969, 17.940001, 0.087268, VALID
648    1464815350.754017, 17.900000, 0.095994, VALID
649    1464815350.767066, 17.920000, 0.087268, VALID
650    1464815350.779910, 17.900000, 0.095994, VALID
651    1464815350.794872, 17.920000, 0.087268, VALID
652    1464815350.806906, 17.900000, 0.095994, VALID
653    1464815350.819877, 17.910000, 0.087268, VALID
654    1464815350.832927, 17.920000, 0.095994, VALID
655    1464815350.848087, 17.912727, 0.069814, FILTERED
656    1464815350.859919, 17.889999, 0.095994, VALID
657    1464815350.874171, 17.940001, 0.087268, VALID
658    1464815350.887086, 17.910000, 0.095994, VALID
659    1464815350.900037, 17.910000, 0.087268, VALID
660    1464815350.913912, 17.900000, 0.095994, VALID
661    1464815350.927104, 17.940001, 0.087268, VALID
662    1464815350.940109, 17.889999, 0.095994, VALID
663    1464815350.954731, 17.910000, 0.087268, VALID
664    1464815350.967797, 17.900000, 0.095994, VALID
665    1464815350.981385, 17.920000, 0.087268, VALID
666    1464815350.997833, 17.912727, 0.095994, FILTERED
667    1464815351.005918, 17.900000, 0.087268, VALID
668    1464815351.020164, 17.910000, 0.095994, VALID
669    1464815351.034040, 17.910000, 0.087268, VALID
670    1464815351.047047, 17.910000, 0.095994, VALID
671    1464815351.060368, 17.940001, 0.087268, VALID
672    1464815351.075046, 17.900000, 0.095994, VALID
673    1464815351.087247, 17.920000, 0.087268, VALID
674    1464815351.100127, 17.889999, 0.095994, VALID
675    1464815351.113200, 17.920000, 0.087268, VALID
676    1464815351.127339, 17.889999, 0.095994, VALID
677    1464815351.142004, 17.906363, 0.087268, FILTERED
678    1464815351.155135, 17.900000, 0.095994, VALID
679    1464815351.167058, 17.920000, 0.087268, VALID
680    1464815351.180232, 17.900000, 0.095994, VALID
681    1464815351.194045, 17.910000, 0.087268, VALID
682    1464815351.207072, 17.900000, 0.095994, VALID
683    1464815351.221210, 17.920000, 0.087268, VALID
684    1464815351.234107, 17.910000, 0.095994, VALID
685    1464815351.246092, 17.940001, 0.087268, VALID
686    1464815351.261187, 17.910000, 0.095994, VALID
687    1464815351.274169, 17.920000, 0.087268, VALID
688    1464815351.287401, 17.918182, 0.095994, FILTERED
689    1464815351.300138, 17.920000, 0.087268, VALID
690    1464815351.314138, 17.900000, 0.095994, VALID
691    1464815351.327057, 17.940001, 0.069814, VALID
692    1464815351.341126, 17.920000, 0.095994, VALID
693    1464815351.354051, 17.920000, 0.087268, VALID
694    1464815351.367026, 17.900000, 0.095994, VALID
695    1464815351.381171, 17.910000, 0.087268, VALID
696    1464815351.394159, 17.879999, 0.095994, VALID
697    1464815351.408189, 17.920000, 0.087268, VALID
698    1464815351.422028, 17.900000, 0.095994, VALID
699    1464815351.433053, 17.903636, 0.087268, FILTERED
700    1464815351.447172, 17.900000, 0.095994, VALID
701    1464815351.461248, 17.910000, 0.087268, VALID
702    1464815351.474041, 17.900000, 0.095994, VALID
703    1464815351.487253, 17.920000, 0.087268, VALID
704    1464815351.500138, 17.889999, 0.095994, VALID
705    1464815351.514199, 17.910000, 0.087268, VALID
706    1464815351.528157, 17.900000, 0.095994, VALID
707    1464815351.539981, 17.900000, 0.087268, VALID
708    1464815351.554206, 17.900000, 0.095994, VALID
709    1464815351.568057, 17.910000, 0.087268, VALID
710    1464815351.580208, 17.905454, 0.095994, FILTERED
711    1464815351.593052, 17.920000, 0.087268, VALID
712    1464815351.608557, 17.900000, 0.095994, VALID
713    1464815351.622228, 17.910000, 0.087268, VALID
714    1464815351.634374, 17.900000, 0.095994, VALID
715    1464815351.647206, 17.910000, 0.087268, VALID
716    1464815351.661201, 17.900000, 0.095994, VALID
717    1464815351.676259, 17.920000, 0.087268, VALID
718    1464815351.688163, 17.910000, 0.095994, VALID
719    1464815351.701028, 17.920000, 0.087268, VALID
720    1464815351.713176, 17.910000, 0.095994, VALID
721    1464815351.727262, 17.912727, 0.087268, FILTERED
722    1464815351.740203, 17.910000, 0.095994, VALID
723    1464815351.754125, 17.910000, 0.087268, VALID
724    1464815351.767106, 17.910000, 0.095994, VALID
725    1464815351.781224, 17.920000, 0.087268, VALID
726    1464815351.794325, 17.910000, 0.095994, VALID
727    1464815351.807150, 17.940001, 0.087268, VALID
728    1464815351.819934, 17.900000, 0.095994, VALID
729    1464815351.835038, 17.920000, 0.087268, VALID
730    1464815351.847063, 17.900000, 0.095994, VALID
731    1464815351.860101, 17.940001, 0.087268, VALID
732    1464815351.874131, 17.915455, 0.095994, FILTERED
733    1464815351.888261, 17.920000, 0.087268, VALID
734    1464815351.899965, 17.900000, 0.095994, VALID
735    1464815351.914131, 17.920000, 0.087268, VALID
736    1464815351.927196, 17.910000, 0.095994, VALID
737    1464815351.944067, 17.920000, 0.087268, VALID
738    1464815351.953007, 17.910000, 0.095994, VALID
739    1464815351.968258, 17.910000, 0.087268, VALID
740    1464815351.981101, 17.900000, 0.095994, VALID
741    1464815351.995271, 17.940001, 0.087268, VALID
742    1464815352.009266, 17.889999, 0.095994, VALID
743    1464815352.021134, 17.909091, 0.087268, FILTERED
744    1464815352.035141, 17.889999, 0.095994, VALID
745    1464815352.047230, 17.920000, 0.087268, VALID
746    1464815352.061306, 17.920000, 0.095994, VALID
747    1464815352.074104, 17.910000, 0.087268, VALID
748    1464815352.087245, 17.900000, 0.095994, VALID
749    1464815352.100258, 17.910000, 0.087268, UNDEFINED
750    1464815352.100258, 17.910000, 0.087268, UNDEFINED
