0    1469732958.391389, 5.891292, 0.445060, UNDEFINED
1    1469732958.406776, 5.879128, 0.506146, VALID
2    1469732958.418707, 5.850008, 0.497420, VALID
3    1469732958.431319, 5.828586, 0.471240, VALID
4    1469732958.444354, 5.809676, 0.479967, VALID
5    1469732958.459305, 5.794755, 0.488693, VALID
6    1469732958.471335, 5.774060, 0.479967, VALID
7    1469732958.485296, 5.784488, 0.471240, VALID
8    1469732958.497320, 5.775326, 0.514873, VALID
9    1469732958.511311, 5.771923, 0.471240, VALID
10    1469732958.525285, 5.772498, 0.479967, VALID
11    1469732958.538281, 5.780110, 0.488693, FILTERED
12    1469732958.551445, 5.775659, 0.514873, FILTERED
13    1469732958.565326, 5.776059, 0.523600, FILTERED
14    1469732958.578334, 5.773249, 0.514873, FILTERED
15    1469732958.591325, 5.772210, 0.471240, FILTERED
16    1469732958.606339, 5.772498, 0.532326, FILTERED
17    1469732958.618308, 5.590599, 0.523600, VALID
18    1469732958.631324, 5.562368, 0.497420, VALID
19    1469732958.644322, 5.551718, 0.488693, VALID
20    1469732958.659300, 5.532524, 0.497420, VALID
21    1469732958.671269, 5.521824, 0.488693, VALID
22    1469732958.685352, 5.502551, 0.514873, VALID
23    1469732958.698385, 5.495437, 0.436333, VALID
24    1469732958.711327, 5.463746, 0.462513, VALID
25    1469732958.724426, 5.440708, 0.453787, VALID
26    1469732958.738406, 5.433766, 0.462513, VALID
27    1469732958.751472, 5.420958, 0.506146, VALID
28    1469732958.765360, 5.404740, 0.532326, VALID
29    1469732958.778380, 5.386558, 0.523600, VALID
30    1469732958.793428, 5.367712, 0.514873, VALID
31    1469732958.805382, 5.362559, 0.523600, VALID
32    1469732958.818379, 5.333972, 0.497420, VALID
33    1469732958.831376, 5.339423, 0.541053, VALID
34    1469732958.844367, 5.314304, 0.514873, VALID
35    1469732958.860385, 5.301004, 0.488693, VALID
36    1469732958.871350, 5.291985, 0.497420, VALID
37    1469732958.884407, 5.281240, 0.488693, VALID
38    1469732958.898427, 5.272265, 0.497420, VALID
39    1469732958.911367, 5.259254, 0.523600, VALID
40    1469732958.924385, 5.250172, 0.497420, VALID
41    1469732958.938411, 5.229917, 0.523600, VALID
42    1469732958.951355, 5.228595, 0.532326, VALID
43    1469732958.965491, 5.220142, 0.523600, VALID
44    1469732958.978515, 5.209095, 0.532326, VALID
45    1469732958.991405, 5.216972, 0.541053, VALID
46    1469732959.007357, 5.199347, 0.532326, VALID
47    1469732959.019377, 5.201812, 0.558506, VALID
48    1469732959.031340, 5.189602, 0.532326, VALID
49    1469732959.044462, 5.182474, 0.558506, VALID
50    1469732959.060408, 5.175738, 0.549780, VALID
51    1469732959.071376, 5.171294, 0.523600, VALID
52    1469732959.084332, 5.156358, 0.549780, VALID
53    1469732959.099380, 5.153482, 0.558506, VALID
54    1469732959.111423, 5.150640, 0.532326, VALID
55    1469732959.124327, 5.151768, 0.523600, VALID
56    1469732959.138395, 5.140904, 0.532326, VALID
57    1469732959.151381, 5.142009, 0.523600, VALID
58    1469732959.165328, 5.130166, 0.532326, VALID
59    1469732959.178363, 5.123436, 0.558506, VALID
60    1469732959.191329, 5.120438, 0.532326, VALID
61    1469732959.206425, 5.109092, 0.541053, VALID
62    1469732959.218332, 5.111585, 0.497420, VALID
63    1469732959.231411, 5.111764, 0.523600, VALID
64    1469732959.245401, 5.112258, 0.514873, VALID
65    1469732959.260389, 5.111764, 0.523600, VALID
66    1469732959.272351, 5.122033, 0.514873, VALID
67    1469732959.285390, 5.133088, 0.558506, VALID
68    1469732959.298369, 5.130166, 0.532326, VALID
69    1469732959.311382, 5.118793, 0.541053, VALID
70    1469732959.324429, 5.122033, 0.514873, VALID
71    1469732959.338394, 5.118793, 0.541053, VALID
72    1469732959.351372, 5.120438, 0.532326, VALID
73    1469732959.365335, 5.117172, 0.541053, VALID
74    1469732959.378374, 5.120519, 0.514873, VALID
75    1469732959.391400, 5.117172, 0.541053, VALID
76    1469732959.406385, 5.118853, 0.532326, VALID
77    1469732959.419392, 5.117172, 0.541053, VALID
78    1469732959.431412, 5.124592, 0.549780, VALID
79    1469732959.444392, 5.126870, 0.541053, VALID
80    1469732959.460371, 5.127920, 0.567233, VALID
81    1469732959.471357, 5.130310, 0.506146, VALID
82    1469732959.485866, 5.134265, 0.549780, VALID
83    1469732959.498435, 5.126870, 0.541053, VALID
84    1469732959.512465, 5.136940, 0.479967, VALID
85    1469732959.525446, 5.141032, 0.558506, VALID
86    1469732959.538433, 5.143941, 0.549780, VALID
87    1469732959.552412, 5.146270, 0.541053, VALID
88    1469732959.564728, 5.159363, 0.532326, VALID
89    1469732959.577624, 5.162057, 0.558506, VALID
90    1469732959.591534, 5.159363, 0.532326, VALID
91    1469732959.606445, 5.170299, 0.523600, VALID
92    1469732959.618526, 5.174670, 0.549780, VALID
93    1469732959.634804, 5.180061, 0.523600, VALID
94    1469732959.644449, 5.184359, 0.549780, VALID
95    1469732959.660421, 5.196473, 0.541053, VALID
96    1469732959.671470, 5.203743, 0.549780, VALID
97    1469732959.684539, 5.206192, 0.541053, VALID
98    1469732959.698476, 5.217808, 0.532326, VALID
99    1469732959.712822, 5.215912, 0.541053, VALID
100    1469732959.726001, 5.223135, 0.549780, VALID
101    1469732959.738474, 5.235360, 0.541053, VALID
102    1469732959.751435, 5.247057, 0.532326, VALID
103    1469732959.764512, 5.245087, 0.541053, VALID
104    1469732959.779332, 5.266565, 0.532326, VALID
105    1469732959.791623, 5.274278, 0.541053, VALID
106    1469732959.806436, 5.266565, 0.532326, VALID
107    1469732959.818413, 5.289161, 0.453787, VALID
108    1469732959.832409, 5.300782, 0.549780, VALID
109    1469732959.845654, 5.307142, 0.523600, VALID
110    1469732959.860487, 5.317913, 0.514873, VALID
111    1469732959.871434, 5.328159, 0.506146, VALID
112    1469732959.884442, 5.337542, 0.514873, VALID
113    1469732959.898434, 5.346308, 0.523600, VALID
114    1469732959.912724, 5.365313, 0.532326, VALID
115    1469732959.925625, 5.376770, 0.523600, VALID
116    1469732959.938502, 5.384875, 0.532326, VALID
117    1469732959.951453, 5.398083, 0.506146, VALID
118    1469732959.964383, 5.417001, 0.532326, VALID
119    1469732959.978531, 5.428531, 0.523600, VALID
120    1469732959.991576, 5.439521, 0.514873, VALID
121    1469732960.006462, 5.451625, 0.506146, VALID
122    1469732960.019854, 5.467796, 0.532326, VALID
123    1469732960.031630, 5.479415, 0.523600, VALID
124    1469732960.044723, 5.500353, 0.514873, VALID
125    1469732960.060667, 5.518782, 0.523600, VALID
126    1469732960.071804, 5.536535, 0.532326, VALID
127    1469732960.084674, 5.546596, 0.558506, VALID
128    1469732960.097828, 5.559566, 0.514873, VALID
129    1469732960.110670, 5.568032, 0.523600, VALID
130    1469732960.124659, 5.579161, 0.479967, VALID
131    1469732960.138628, 5.587652, 0.471240, VALID
132    1469732960.151836, 5.605605, 0.462513, VALID
133    1469732960.164714, 5.618578, 0.471240, VALID
134    1469732960.178788, 5.639954, 0.479967, VALID
135    1469732960.191685, 5.648535, 0.471240, VALID
136    1469732960.206615, 5.669869, 0.479967, VALID
137    1469732960.217795, 5.680357, 0.506146, VALID
138    1469732960.231692, 5.699800, 0.479967, VALID
139    1469732960.245139, 5.718491, 0.471240, VALID
140    1469732960.259679, 5.738777, 0.514873, VALID
141    1469732960.271656, 5.764394, 0.453787, VALID
142    1469732960.284665, 5.769697, 0.479967, VALID
143    1469732960.297726, 5.779652, 0.506146, VALID
144    1469732960.310635, 5.811851, 0.497420, VALID
145    1469732960.324656, 5.837888, 0.523600, VALID
146    1469732960.338675, 5.865052, 0.532326, VALID
147    1469732960.351684, 5.900844, 0.506146, VALID
148    1469732960.364606, 5.936695, 0.567233, VALID
149    1469732960.377682, 5.960711, 0.541053, VALID
150    1469732960.391790, 5.985850, 0.567233, VALID
151    1469732960.406984, 6.000317, 0.541053, VALID
152    1469732960.417693, 6.035698, 0.549780, VALID
153    1469732960.431682, 6.040655, 0.558506, VALID
154    1469732960.444913, 6.075279, 0.549780, VALID
155    1469732960.459874, 6.080153, 0.558506, VALID
156    1469732960.471697, 6.114892, 0.549780, VALID
157    1469732960.484721, 6.129571, 0.558506, VALID
158    1469732960.497713, 6.164453, 0.549780, VALID
159    1469732960.511720, 6.169142, 0.558506, VALID
160    1469732960.525184, 6.214063, 0.549780, VALID
161    1469732960.537776, 6.228658, 0.541053, VALID
162    1469732960.553164, 6.233922, 0.549780, VALID
163    1469732960.564666, 6.268474, 0.541053, VALID
164    1469732960.577645, 6.263723, 0.549780, VALID
165    1469732960.591697, 6.318289, 0.541053, VALID
166    1469732960.606035, 6.332458, 0.532326, VALID
167    1469732960.617660, 6.358176, 0.541053, VALID
168    1469732960.631719, 6.372433, 0.532326, VALID
169    1469732960.645713, 6.418064, 0.541053, VALID
170    1469732960.659658, 6.422443, 0.532326, VALID
171    1469732960.672004, 6.428052, 0.541053, VALID
172    1469732960.684649, 6.462485, 0.532326, VALID
173    1469732960.697783, 6.468024, 0.541053, VALID
174    1469732960.711659, 6.522605, 0.532326, VALID
175    1469732960.725682, 6.518033, 0.541053, VALID
176    1469732960.737679, 6.562723, 0.532326, VALID
177    1469732960.751761, 6.576735, 0.523600, VALID
178    1469732960.764842, 6.592831, 0.532326, VALID
179    1469732960.777666, 6.606902, 0.523600, VALID
180    1469732960.791697, 6.633002, 0.532326, VALID
181    1469732960.806693, 6.667287, 0.523600, VALID
182    1469732960.817791, 6.673203, 0.532326, VALID
183    1469732960.831802, 6.697505, 0.523600, VALID
184    1469732960.845059, 6.731285, 0.514873, VALID
185    1469732960.859678, 6.737821, 0.523600, VALID
186    1469732960.871686, 6.761586, 0.514873, VALID
187    1469732960.884871, 6.788258, 0.523600, VALID
188    1469732960.897716, 6.802011, 0.514873, VALID
189    1469732960.915616, 6.848841, 0.523600, VALID
190    1469732960.925309, 6.852583, 0.514873, VALID
191    1469732960.938340, 6.879158, 0.523600, VALID
192    1469732960.951330, 6.893073, 0.514873, VALID
193    1469732960.965461, 6.936751, 0.506146, VALID
194    1469732960.978355, 6.933591, 0.514873, VALID
195    1469732960.993317, 6.967203, 0.506146, VALID
196    1469732961.007275, 7.013397, 0.479967, VALID
197    1469732961.018271, 7.023000, 0.453787, VALID
198    1469732961.031488, 7.044323, 0.462513, VALID
199    1469732961.045383, 7.064936, 0.471240, VALID
200    1469732961.060551, 7.079998, 0.514873, VALID
201    1469732961.071300, 7.099442, 0.471240, VALID
202    1469732961.085312, 7.120687, 0.514873, VALID
203    1469732961.098289, 7.149557, 0.453787, VALID
204    1469732961.112346, 7.164347, 0.462513, VALID
205    1469732961.125292, 7.173645, 0.453787, VALID
206    1469732961.138354, 7.191958, 0.497420, VALID
207    1469732961.152295, 7.225008, 0.453787, VALID
208    1469732961.165296, 7.245243, 0.462513, VALID
209    1469732961.178581, 7.266294, 0.471240, VALID
210    1469732961.192377, 7.276124, 0.462513, VALID
211    1469732961.207697, 7.305002, 0.506146, VALID
212    1469732961.219283, 7.328854, 0.462513, VALID
213    1469732961.231295, 7.346146, 0.506146, VALID
214    1469732961.245354, 7.366622, 0.445060, VALID
215    1469732961.259287, 7.392549, 0.453787, VALID
216    1469732961.271378, 7.410779, 0.445060, VALID
217    1469732961.285331, 7.423962, 0.506146, VALID
218    1469732961.298300, 7.452309, 0.445060, VALID
219    1469732961.312281, 7.474218, 0.453787, VALID
220    1469732961.325408, 7.492256, 0.445060, VALID
221    1469732961.338289, 7.515843, 0.453787, VALID
222    1469732961.352578, 7.533904, 0.445060, VALID
223    1469732961.366300, 7.556334, 0.506146, VALID
224    1469732961.379311, 7.579960, 0.445060, VALID
225    1469732961.392354, 7.577181, 0.506146, VALID
226    1469732961.407256, 7.618720, 0.445060, VALID
227    1469732961.419429, 7.632658, 0.453787, VALID
228    1469732961.432594, 7.639666, 0.445060, VALID
229    1469732961.445294, 7.674561, 0.453787, VALID
230    1469732961.459388, 7.685370, 0.445060, VALID
231    1469732961.472452, 7.709940, 0.453787, VALID
232    1469732961.485453, 7.716841, 0.445060, VALID
233    1469732961.499434, 7.730926, 0.453787, VALID
234    1469732961.513588, 7.748324, 0.445060, VALID
235    1469732961.525292, 7.765023, 0.436333, VALID
236    1469732961.539302, 7.779821, 0.445060, VALID
237    1469732961.553509, 7.793920, 0.453787, VALID
238    1469732961.566488, 7.809603, 0.497420, VALID
239    1469732961.579302, 7.826453, 0.436333, VALID
240    1469732961.592287, 7.841092, 0.497420, VALID
241    1469732961.607279, 7.854284, 0.436333, VALID
242    1469732961.619259, 7.868920, 0.445060, VALID
243    1469732961.632473, 7.875287, 0.436333, VALID
244    1469732961.646465, 7.889929, 0.445060, VALID
245    1469732961.660306, 7.899205, 0.436333, VALID
246    1469732961.673612, 7.913583, 0.445060, VALID
247    1469732961.686307, 7.930684, 0.436333, VALID
248    1469732961.699320, 7.945070, 0.445060, VALID
249    1469732961.712411, 7.954447, 0.436333, VALID
250    1469732961.726382, 7.968566, 0.445060, VALID
251    1469732961.739631, 7.971478, 0.453787, VALID
252    1469732961.752310, 7.979052, 0.445060, VALID
253    1469732961.766313, 7.988563, 0.436333, VALID
254    1469732961.779262, 8.005416, 0.427607, VALID
255    1469732961.792347, 8.009512, 0.436333, VALID
256    1469732961.807383, 8.029681, 0.445060, VALID
257    1469732961.819721, 8.047383, 0.436333, VALID
258    1469732961.832298, 8.061100, 0.445060, VALID
259    1469732961.846339, 8.063611, 0.453787, VALID
260    1469732961.860282, 8.082053, 0.445060, VALID
261    1469732961.872470, 8.099765, 0.436333, VALID
262    1469732961.886453, 8.103010, 0.445060, VALID
263    1469732961.898934, 8.110246, 0.436333, VALID
264    1469732961.912949, 8.123974, 0.445060, VALID
265    1469732961.926950, 8.131210, 0.436333, VALID
266    1469732961.940106, 8.149216, 0.462513, VALID
267    1469732961.952968, 8.149946, 0.488693, VALID
268    1469732961.966207, 8.176407, 0.445060, VALID
269    1469732961.978979, 8.162666, 0.436333, VALID
270    1469732961.992926, 8.165917, 0.445060, VALID
271    1469732962.007325, 8.183644, 0.436333, VALID
272    1469732962.018986, 8.197389, 0.445060, VALID
273    1469732962.033234, 8.204627, 0.436333, VALID
274    1469732962.045950, 8.228872, 0.445060, VALID
275    1469732962.060916, 8.236112, 0.436333, VALID
276    1469732962.072932, 8.239369, 0.445060, VALID
277    1469732962.086157, 8.257107, 0.436333, VALID
278    1469732962.098964, 8.270869, 0.445060, VALID
279    1469732962.111918, 8.278109, 0.436333, VALID
280    1469732962.125928, 8.302382, 0.445060, VALID
281    1469732962.138948, 8.304899, 0.453787, VALID
282    1469732962.153142, 8.312889, 0.445060, VALID
283    1469732962.165965, 8.332422, 0.436333, VALID
284    1469732962.180228, 8.346270, 0.445060, VALID
285    1469732962.192976, 8.353448, 0.436333, VALID
286    1469732962.206930, 8.369873, 0.445060, VALID
287    1469732962.219069, 8.387492, 0.436333, VALID
288    1469732962.232991, 8.390922, 0.445060, VALID
289    1469732962.246071, 8.408541, 0.436333, VALID
290    1469732962.260748, 8.422503, 0.445060, VALID
291    1469732962.272730, 8.435712, 0.453787, VALID
292    1469732962.286667, 8.443563, 0.445060, VALID
293    1469732962.299751, 8.459746, 0.488693, VALID
294    1469732962.313840, 8.475164, 0.445060, VALID
295    1469732962.327148, 8.488391, 0.453787, VALID
296    1469732962.338777, 8.496239, 0.445060, VALID
297    1469732962.352724, 8.513856, 0.436333, VALID
298    1469732962.365831, 8.517319, 0.445060, VALID
299    1469732962.378699, 8.533530, 0.488693, VALID
300    1469732962.392062, 8.548947, 0.445060, VALID
301    1469732962.405740, 8.557731, 0.436333, VALID
302    1469732962.417707, 8.571815, 0.445060, VALID
303    1469732962.432671, 8.585136, 0.453787, VALID
304    1469732962.445774, 8.592918, 0.445060, VALID
305    1469732962.459714, 8.599926, 0.436333, VALID
306    1469732962.472929, 8.624585, 0.445060, VALID
307    1469732962.484907, 8.637929, 0.453787, VALID
308    1469732962.498882, 8.645702, 0.445060, VALID
309    1469732962.513054, 8.652697, 0.436333, VALID
310    1469732962.525890, 8.666825, 0.445060, VALID
311    1469732962.539912, 8.680186, 0.453787, VALID
312    1469732962.551942, 8.698518, 0.445060, VALID
313    1469732962.566930, 8.704131, 0.453787, VALID
314    1469732962.578885, 8.722380, 0.445060, VALID
315    1469732962.592102, 8.729268, 0.436333, VALID
316    1469732962.606022, 8.745503, 0.445060, VALID
317    1469732962.618914, 8.759066, 0.453787, VALID
318    1469732962.631907, 8.766665, 0.445060, VALID
319    1469732962.644886, 8.784056, 0.436333, VALID
320    1469732962.660083, 8.790581, 0.445060, VALID
321    1469732962.671881, 8.818471, 0.436333, VALID
322    1469732962.686641, 8.832951, 0.445060, VALID
323    1469732962.699219, 8.846658, 0.453787, VALID
324    1469732962.712183, 8.854144, 0.445060, VALID
325    1469732962.725193, 8.878468, 0.453787, VALID
326    1469732962.739276, 8.875341, 0.445060, VALID
327    1469732962.752382, 8.899679, 0.453787, VALID
328    1469732962.765183, 8.909012, 0.445060, VALID
329    1469732962.779179, 8.922830, 0.453787, VALID
330    1469732962.792174, 8.926698, 0.497420, VALID
331    1469732962.806227, 8.944059, 0.453787, VALID
332    1469732962.818253, 8.958589, 0.497420, VALID
333    1469732962.832180, 8.975914, 0.453787, VALID
334    1469732962.845247, 8.979857, 0.497420, VALID
335    1469732962.859179, 9.000086, 0.453787, VALID
336    1469732962.871162, 9.017988, 0.445060, VALID
337    1469732962.885285, 9.042608, 0.453787, VALID
338    1469732962.899207, 9.047154, 0.497420, VALID
339    1469732962.912210, 9.058317, 0.453787, VALID
340    1469732962.925258, 9.074415, 0.497420, VALID
341    1469732962.939233, 9.100901, 0.453787, VALID
342    1469732962.952208, 9.107970, 0.445060, VALID
343    1469732962.965307, 9.139947, 0.453787, VALID
344    1469732962.979172, 9.146770, 0.445060, VALID
345    1469732962.992183, 9.171945, 0.453787, VALID
346    1469732963.007285, 9.188483, 0.445060, VALID
347    1469732963.019220, 9.203380, 0.453787, VALID
348    1469732963.032180, 9.220521, 0.445060, VALID
349    1469732963.045355, 9.235447, 0.453787, VALID
350    1469732963.059204, 9.254492, 0.445060, VALID
351    1469732963.072220, 9.280629, 0.453787, VALID
352    1469732963.085525, 9.295269, 0.462513, VALID
353    1469732963.098233, 9.302063, 0.453787, VALID
354    1469732963.112195, 9.319662, 0.445060, VALID
355    1469732963.125368, 9.354286, 0.471240, VALID
356    1469732963.139296, 9.361470, 0.462513, VALID
357    1469732963.152564, 9.378554, 0.453787, VALID
358    1469732963.166234, 9.403448, 0.445060, VALID
359    1469732963.179206, 9.430982, 0.453787, VALID
360    1469732963.192171, 9.435744, 0.445060, VALID
361    1469732963.206221, 9.468430, 0.453787, VALID
362    1469732963.219331, 9.483756, 0.445060, VALID
363    1469732963.233526, 9.500807, 0.453787, VALID
364    1469732963.245340, 9.516098, 0.445060, VALID
365    1469732963.260169, 9.527357, 0.453787, VALID
366    1469732963.272269, 9.542455, 0.445060, VALID
367    1469732963.285237, 9.559773, 0.453787, VALID
368    1469732963.298307, 9.574835, 0.445060, VALID
369    1469732963.312181, 9.592201, 0.453787, VALID
370    1469732963.325177, 9.596428, 0.445060, VALID
371    1469732963.339162, 9.635454, 0.453787, VALID
372    1469732963.352356, 9.639627, 0.445060, VALID
373    1469732963.366182, 9.683935, 0.453787, VALID
374    1469732963.379202, 9.687862, 0.445060, VALID
375    1469732963.393236, 9.694764, 0.453787, VALID
376    1469732963.406187, 9.709490, 0.445060, VALID
377    1469732963.419312, 9.748923, 0.453787, VALID
378    1469732963.433337, 9.741940, 0.445060, VALID
379    1469732963.447222, 9.770596, 0.453787, VALID
380    1469732963.460210, 9.785225, 0.445060, VALID
381    1469732963.471233, 9.803112, 0.453787, VALID
382    1469732963.485292, 9.806872, 0.445060, VALID
383    1469732963.499202, 9.842211, 0.436333, VALID
384    1469732963.512373, 9.859028, 0.445060, VALID
385    1469732963.525192, 9.866113, 0.453787, VALID
386    1469732963.539220, 9.880685, 0.445060, VALID
387    1469732963.552218, 9.894367, 0.436333, VALID
388    1469732963.566362, 9.899183, 0.445060, VALID
389    1469732963.580176, 9.945393, 0.436333, VALID
390    1469732963.592255, 9.953337, 0.445060, VALID
391    1469732963.607221, 9.977843, 0.436333, VALID
392    1469732963.619159, 9.985840, 0.445060, VALID
393    1469732963.633341, 9.999482, 0.436333, VALID
394    1469732963.646202, 10.018353, 0.445060, VALID
395    1469732963.661304, 10.031948, 0.436333, VALID
396    1469732963.672195, 10.061719, 0.445060, VALID
397    1469732963.686164, 10.053596, 0.436333, VALID
398    1469732963.699224, 10.072563, 0.445060, VALID
399    1469732963.712279, 10.100019, 0.436333, VALID
400    1469732963.726347, 10.130050, 0.445060, VALID
401    1469732963.739244, 10.132522, 0.436333, VALID
402    1469732963.752241, 10.162616, 0.445060, VALID
403    1469732963.766166, 10.169967, 0.436333, VALID
404    1469732963.779240, 10.200343, 0.445060, VALID
405    1469732963.793325, 10.213352, 0.436333, VALID
406    1469732963.807189, 10.238265, 0.445060, VALID
407    1469732963.819194, 10.251017, 0.436333, VALID
408    1469732963.833195, 10.270896, 0.445060, VALID
409    1469732963.846525, 10.283591, 0.436333, VALID
410    1469732963.860197, 10.319583, 0.445060, VALID
411    1469732963.873336, 10.332002, 0.436333, VALID
412    1469732963.886186, 10.343503, 0.427607, VALID
413    1469732963.899210, 10.353743, 0.436333, VALID
414    1469732963.912314, 10.376053, 0.427607, VALID
415    1469732963.925345, 10.397232, 0.436333, VALID
416    1469732963.939268, 10.419463, 0.427607, VALID
417    1469732963.953341, 10.429859, 0.436333, VALID
418    1469732963.966206, 10.449144, 0.427607, VALID
419    1469732963.979183, 10.470354, 0.436333, VALID
420    1469732963.993249, 10.481709, 0.427607, VALID
421    1469732964.007326, 10.508623, 0.436333, VALID
422    1469732964.019379, 10.509254, 0.427607, VALID
423    1469732964.033214, 10.541251, 0.436333, VALID
424    1469732964.046178, 10.552673, 0.427607, VALID
425    1469732964.060174, 10.579623, 0.436333, VALID
426    1469732964.072395, 10.591172, 0.427607, VALID
427    1469732964.086222, 10.612253, 0.436333, VALID
428    1469732964.099181, 10.623739, 0.427607, VALID
429    1469732964.112229, 10.645125, 0.418880, VALID
430    1469732964.125180, 10.667171, 0.427607, VALID
431    1469732964.139260, 10.677635, 0.418880, VALID
432    1469732964.153255, 10.710616, 0.427607, VALID
433    1469732964.166497, 10.720991, 0.418880, VALID
434    1469732964.179209, 10.732343, 0.427607, VALID
435    1469732964.193287, 10.742673, 0.418880, VALID
436    1469732964.207152, 10.773790, 0.427607, VALID
437    1469732964.219325, 10.773274, 0.418880, VALID
438    1469732964.233229, 10.798724, 0.392700, VALID
439    1469732964.246216, 10.805804, 0.418880, VALID
440    1469732964.260188, 10.828380, 0.392700, VALID
441    1469732964.272161, 10.842347, 0.401427, VALID
442    1469732964.286268, 10.860688, 0.392700, VALID
443    1469732964.299204, 10.878059, 0.383973, VALID
444    1469732964.312242, 10.896905, 0.410153, VALID
445    1469732964.326229, 10.905345, 0.401427, VALID
446    1469732964.339203, 10.934396, 0.392700, VALID
447    1469732964.353223, 10.951675, 0.383973, VALID
448    1469732964.366240, 10.967781, 0.410153, VALID
449    1469732964.379243, 10.990873, 0.418880, VALID
450    1469732964.393374, 11.017618, 0.375247, VALID
451    1469732964.407222, 11.020413, 0.418880, VALID
452    1469732964.419150, 11.051496, 0.410153, VALID
453    1469732964.433344, 11.052954, 0.418880, VALID
454    1469732964.446222, 11.073144, 0.410153, VALID
455    1469732964.460369, 11.091287, 0.418880, VALID
456    1469732964.473212, 11.100785, 0.410153, VALID
457    1469732964.486235, 11.123826, 0.418880, VALID
458    1469732964.499176, 11.144078, 0.410153, VALID
459    1469732964.514333, 11.161922, 0.418880, VALID
460    1469732964.526324, 11.171494, 0.410153, VALID
461    1469732964.540350, 11.183615, 0.418880, VALID
462    1469732964.553252, 11.203963, 0.410153, VALID
463    1469732964.566205, 11.214087, 0.418880, VALID
464    1469732964.579208, 11.234458, 0.410153, VALID
465    1469732964.593210, 11.257481, 0.418880, VALID
466    1469732964.607239, 11.266932, 0.410153, VALID
467    1469732964.620919, 11.279181, 0.418880, VALID
468    1469732964.632886, 11.288584, 0.410153, VALID
469    1469732964.645892, 11.322590, 0.418880, VALID
470    1469732964.661066, 11.323058, 0.410153, VALID
471    1469732964.672946, 11.346390, 0.418880, VALID
472    1469732964.687076, 11.366382, 0.410153, VALID
473    1469732964.699968, 11.378962, 0.418880, VALID
474    1469732964.713870, 11.382355, 0.410153, VALID
475    1469732964.726923, 11.416947, 0.418880, VALID
476    1469732964.739959, 11.414867, 0.410153, VALID
477    1469732964.752942, 11.427812, 0.418880, VALID
478    1469732964.767204, 11.457436, 0.410153, VALID
479    1469732964.780936, 11.475487, 0.401427, VALID
480    1469732964.792938, 11.468284, 0.410153, VALID
481    1469732964.806982, 11.501782, 0.401427, VALID
482    1469732964.819867, 11.507712, 0.392700, VALID
483    1469732964.832892, 11.519757, 0.366520, VALID
484    1469732964.845888, 11.518508, 0.392700, VALID
485    1469732964.860882, 11.534212, 0.383973, VALID
486    1469732964.872918, 11.540101, 0.392700, VALID
487    1469732964.886977, 11.551873, 0.366520, VALID
488    1469732964.900259, 11.561694, 0.392700, VALID
489    1469732964.911683, 11.562578, 0.366520, VALID
490    1469732964.925572, 11.591847, 0.375247, VALID
491    1469732964.939560, 11.588049, 0.383973, VALID
492    1469732964.952658, 11.604887, 0.392700, VALID
493    1469732964.965563, 11.607916, 0.383973, VALID
494    1469732964.979590, 11.611753, 0.375247, VALID
495    1469732964.992564, 11.628222, 0.349067, VALID
496    1469732965.006553, 11.618403, 0.375247, VALID
497    1469732965.020624, 11.632215, 0.366520, VALID
498    1469732965.033574, 11.639875, 0.375247, VALID
499    1469732965.046562, 11.642920, 0.366520, VALID
500    1469732965.060786, 11.664599, 0.340340, VALID
501    1469732965.072557, 11.660576, 0.366520, VALID
502    1469732965.086537, 11.669595, 0.392700, VALID
503    1469732965.099595, 11.674345, 0.401427, VALID
504    1469732965.113573, 11.675692, 0.392700, VALID
505    1469732965.126608, 11.670255, 0.383973, VALID
506    1469732965.140117, 11.675692, 0.392700, VALID
507    1469732965.153282, 11.691031, 0.401427, VALID
508    1469732965.167163, 11.693659, 0.375247, VALID
509    1469732965.180246, 11.689184, 0.383973, VALID
510    1469732965.193165, 11.726906, 0.392700, VALID
511    1469732965.207555, 11.713310, 0.383973, VALID
512    1469732965.220137, 11.740455, 0.392700, VALID
513    1469732965.233142, 11.734839, 0.383973, VALID
514    1469732965.246361, 11.740455, 0.392700, VALID
515    1469732965.260209, 11.762871, 0.401427, VALID
516    1469732965.273222, 11.777884, 0.410153, VALID
517    1469732965.286186, 11.773699, 0.401427, VALID
518    1469732965.300184, 11.768580, 0.392700, VALID
519    1469732965.314288, 11.767795, 0.401427, VALID
520    1469732965.327643, 11.783081, 0.410153, VALID
521    1469732965.340168, 11.778625, 0.401427, VALID
522    1469732965.353121, 11.793942, 0.410153, VALID
523    1469732965.367097, 11.790990, 0.401427, VALID
524    1469732965.381315, 11.817345, 0.392700, VALID
525    1469732965.393178, 11.790990, 0.401427, VALID
526    1469732965.407108, 11.823594, 0.392700, VALID
527    1469732965.420098, 11.830132, 0.401427, VALID
528    1469732965.433256, 11.834406, 0.392700, VALID
529    1469732965.447156, 11.830132, 0.401427, VALID
530    1469732965.460096, 11.841428, 0.392700, VALID
531    1469732965.474239, 11.826729, 0.401427, VALID
532    1469732965.486067, 11.854496, 0.410153, VALID
533    1469732965.501221, 11.837576, 0.401427, VALID
534    1469732965.514114, 11.862502, 0.392700, VALID
535    1469732965.527097, 11.870167, 0.401427, VALID
536    1469732965.540131, 11.884138, 0.392700, VALID
537    1469732965.554075, 11.876971, 0.366520, VALID
538    1469732965.567111, 11.877467, 0.392700, VALID
539    1469732965.581403, 11.874575, 0.401427, VALID
540    1469732965.593138, 11.897958, 0.322887, VALID
541    1469732965.607092, 11.881019, 0.401427, VALID
542    1469732965.620121, 11.884138, 0.392700, VALID
543    1469732965.633255, 11.902723, 0.401427, VALID
544    1469732965.647088, 11.873321, 0.392700, VALID
545    1469732965.660089, 11.882774, 0.401427, VALID
546    1469732965.674087, 11.897204, 0.392700, VALID
547    1469732965.687119, 11.893622, 0.401427, VALID
548    1469732965.700292, 11.886390, 0.392700, VALID
549    1469732965.713084, 11.902660, 0.401427, VALID
550    1469732965.727267, 11.884685, 0.392700, VALID
551    1469732965.740117, 11.913508, 0.401427, VALID
552    1469732965.754097, 11.884685, 0.392700, VALID
553    1469732965.767278, 11.910625, 0.401427, VALID
554    1469732965.780066, 11.903597, 0.392700, VALID
555    1469732965.794218, 11.910625, 0.401427, VALID
556    1469732965.807054, 11.903817, 0.392700, VALID
557    1469732965.820321, 11.907255, 0.383973, VALID
558    1469732965.833194, 11.893007, 0.392700, VALID
559    1469732965.848111, 11.907255, 0.383973, VALID
560    1469732965.860103, 11.894776, 0.392700, VALID
561    1469732965.874232, 11.898743, 0.383973, VALID
562    1469732965.887373, 11.915479, 0.357794, VALID
563    1469732965.900077, 11.898743, 0.383973, VALID
564    1469732965.914202, 11.902881, 0.392700, VALID
565    1469732965.927136, 11.906972, 0.383973, VALID
566    1469732965.941432, 11.913685, 0.392700, VALID
567    1469732965.954550, 11.917745, 0.383973, VALID
568    1469732965.967391, 11.913685, 0.392700, VALID
569    1469732965.981315, 11.917745, 0.383973, VALID
570    1469732965.994361, 11.913685, 0.392700, VALID
571    1469732966.007428, 11.941842, 0.383973, VALID
572    1469732966.023678, 11.916389, 0.392700, VALID
573    1469732966.033262, 11.931067, 0.383973, VALID
574    1469732966.046336, 11.927196, 0.392700, VALID
575    1469732966.061330, 11.937444, 0.383973, VALID
576    1469732966.074522, 11.944139, 0.392700, VALID
577    1469732966.087384, 11.926670, 0.383973, VALID
578    1469732966.100350, 11.933333, 0.392700, VALID
579    1469732966.114286, 11.930545, 0.383973, VALID
580    1469732966.126271, 11.936818, 0.392700, VALID
581    1469732966.141603, 11.930545, 0.383973, VALID
582    1469732966.154339, 11.947619, 0.392700, VALID
583    1469732966.167592, 11.936801, 0.383973, VALID
584    1469732966.181303, 11.932034, 0.392700, VALID
585    1469732966.194301, 11.936801, 0.383973, VALID
586    1469732966.207529, 11.942832, 0.392700, VALID
587    1469732966.220320, 11.936801, 0.383973, VALID
588    1469732966.233268, 11.942832, 0.392700, VALID
589    1469732966.247327, 11.936801, 0.383973, VALID
590    1469732966.260345, 11.951319, 0.375247, VALID
591    1469732966.274422, 11.926032, 0.383973, VALID
592    1469732966.287328, 11.951319, 0.375247, VALID
593    1469732966.300300, 11.947570, 0.383973, VALID
594    1469732966.314537, 11.949663, 0.375247, VALID
595    1469732966.327363, 11.945809, 0.383973, VALID
596    1469732966.341393, 11.949663, 0.375247, VALID
597    1469732966.354291, 11.945809, 0.383973, VALID
598    1469732966.367302, 11.938927, 0.375247, VALID
599    1469732966.381270, 11.956578, 0.383973, VALID
600    1469732966.393777, 11.960402, 0.375247, VALID
601    1469732966.408514, 11.956578, 0.383973, VALID
602    1469732966.421315, 11.949663, 0.375247, VALID
603    1469732966.434342, 11.956578, 0.383973, VALID
604    1469732966.447292, 11.949663, 0.375247, VALID
605    1469732966.461697, 11.960968, 0.383973, VALID
606    1469732966.474314, 11.975270, 0.375247, VALID
607    1469732966.487319, 11.960968, 0.383973, VALID
608    1469732966.501264, 11.964530, 0.375247, VALID
609    1469732966.514266, 11.973630, 0.383973, VALID
610    1469732966.528496, 11.977047, 0.375247, VALID
611    1469732966.541562, 11.973630, 0.383973, VALID
612    1469732966.554265, 11.977047, 0.375247, VALID
613    1469732966.568275, 11.971740, 0.383973, VALID
614    1469732966.581330, 11.953791, 0.375247, VALID
615    1469732966.594510, 11.960968, 0.383973, VALID
616    1469732966.608410, 11.956091, 0.375247, VALID
617    1469732966.620289, 11.973533, 0.383973, VALID
618    1469732966.633343, 11.966827, 0.375247, VALID
619    1469732966.648375, 11.973533, 0.383973, VALID
620    1469732966.660501, 11.953568, 0.375247, VALID
621    1469732966.675328, 11.956835, 0.366520, VALID
622    1469732966.688229, 11.964303, 0.375247, VALID
623    1469732966.701139, 11.946130, 0.366520, VALID
624    1469732966.714115, 11.941142, 0.375247, VALID
625    1469732966.728714, 11.933841, 0.366520, VALID
626    1469732966.741289, 11.941142, 0.375247, VALID
627    1469732966.753367, 11.937928, 0.331614, VALID
628    1469732966.767109, 11.936299, 0.357794, VALID
629    1469732966.780092, 11.923137, 0.366520, VALID
630    1469732966.793223, 11.936299, 0.357794, VALID
631    1469732966.807155, 11.929713, 0.366520, VALID
632    1469732966.820104, 11.932438, 0.357794, VALID
633    1469732966.833140, 11.929713, 0.366520, VALID
634    1469732966.846143, 11.921766, 0.357794, VALID
635    1469732966.861165, 11.916595, 0.366520, VALID
636    1469732966.874678, 11.919504, 0.357794, VALID
637    1469732966.886100, 11.916595, 0.366520, VALID
638    1469732966.901263, 11.901979, 0.375247, VALID
639    1469732966.913114, 11.905893, 0.366520, VALID
640    1469732966.927169, 11.908833, 0.357794, VALID
641    1469732966.941233, 11.905893, 0.366520, VALID
642    1469732966.954082, 11.901979, 0.375247, VALID
643    1469732966.967150, 11.905893, 0.366520, VALID
644    1469732966.980053, 11.901979, 0.375247, VALID
645    1469732966.994163, 11.905893, 0.366520, VALID
646    1469732967.007223, 11.901979, 0.375247, VALID
647    1469732967.020226, 11.895192, 0.366520, VALID
648    1469732967.033129, 11.891249, 0.375247, VALID
649    1469732967.047591, 11.884492, 0.366520, VALID
650    1469732967.060107, 11.889528, 0.375247, VALID
651    1469732967.073131, 11.873743, 0.383973, VALID
652    1469732967.087093, 11.868071, 0.375247, VALID
653    1469732967.101115, 11.861475, 0.366520, VALID
654    1469732967.113165, 11.857342, 0.375247, VALID
655    1469732967.127137, 11.861475, 0.366520, VALID
656    1469732967.141129, 11.846613, 0.375247, VALID
657    1469732967.154087, 11.850776, 0.366520, VALID
658    1469732967.167137, 11.837602, 0.375247, VALID
659    1469732967.181118, 11.820292, 0.366520, VALID
660    1469732967.194239, 11.848179, 0.340340, VALID
661    1469732967.207104, 11.809593, 0.366520, VALID
662    1469732967.220122, 11.816144, 0.375247, VALID
663    1469732967.233111, 11.809593, 0.366520, VALID
664    1469732967.246153, 11.816144, 0.375247, VALID
665    1469732967.260177, 11.786585, 0.366520, VALID
666    1469732967.273213, 11.792975, 0.375247, VALID
667    1469732967.287134, 11.786585, 0.366520, VALID
668    1469732967.301115, 11.782248, 0.375247, VALID
669    1469732967.314130, 11.775887, 0.366520, VALID
670    1469732967.327173, 11.760796, 0.375247, VALID
671    1469732967.341356, 11.754493, 0.366520, VALID
672    1469732967.354110, 11.750070, 0.375247, VALID
673    1469732967.367106, 11.730676, 0.366520, VALID
674    1469732967.381114, 11.723674, 0.357794, VALID
675    1469732967.394359, 11.719979, 0.366520, VALID
676    1469732967.407626, 11.681009, 0.357794, VALID
677    1469732967.421135, 11.686756, 0.331614, VALID
678    1469732967.433128, 11.676261, 0.322887, VALID
679    1469732967.447104, 11.662595, 0.349067, VALID
680    1469732967.460275, 11.653960, 0.340340, VALID
681    1469732967.474153, 11.641322, 0.349067, VALID
682    1469732967.489054, 11.643578, 0.410153, VALID
683    1469732967.500863, 11.619871, 0.401427, VALID
684    1469732967.513839, 11.614260, 0.410153, VALID
685    1469732967.528040, 11.611532, 0.349067, VALID
686    1469732967.540836, 11.603433, 0.410153, VALID
687    1469732967.553917, 11.593402, 0.331614, VALID
688    1469732967.566267, 11.570954, 0.410153, VALID
689    1469732967.581410, 11.579625, 0.349067, VALID
690    1469732967.593433, 11.549304, 0.410153, VALID
691    1469732967.606510, 11.547276, 0.401427, VALID
692    1469732967.621359, 11.538482, 0.410153, VALID
693    1469732967.637049, 11.529948, 0.331614, VALID
694    1469732967.647416, 11.523302, 0.357794, VALID
695    1469732967.660339, 11.508798, 0.331614, VALID
696    1469732967.673354, 11.495192, 0.410153, VALID
697    1469732967.687329, 11.487647, 0.331614, VALID
698    1469732967.700313, 11.477594, 0.322887, VALID
699    1469732967.714334, 11.473276, 0.349067, VALID
700    1469732967.727504, 11.459325, 0.357794, VALID
701    1469732967.740347, 11.441375, 0.349067, VALID
702    1469732967.753449, 11.427340, 0.357794, VALID
703    1469732967.767322, 11.420108, 0.349067, VALID
704    1469732967.782228, 11.416677, 0.357794, VALID
705    1469732967.793340, 11.409474, 0.349067, VALID
706    1469732967.807301, 11.395356, 0.357794, VALID
707    1469732967.820314, 11.377577, 0.349067, VALID
708    1469732967.833340, 11.374035, 0.357794, VALID
709    1469732967.848355, 11.356313, 0.349067, VALID
710    1469732967.861614, 11.351056, 0.322887, VALID
711    1469732967.873357, 11.345680, 0.349067, VALID
712    1469732967.888327, 11.342055, 0.357794, VALID
713    1469732967.901271, 11.324416, 0.349067, VALID
714    1469732967.914333, 11.310078, 0.357794, VALID
715    1469732967.927328, 11.303155, 0.349067, VALID
716    1469732967.941620, 11.299418, 0.357794, VALID
717    1469732967.954324, 11.292523, 0.349067, VALID
718    1469732967.968341, 11.268075, 0.410153, VALID
719    1469732967.981447, 11.260632, 0.349067, VALID
720    1469732967.994319, 11.256786, 0.357794, VALID
721    1469732968.007340, 11.250002, 0.349067, VALID
722    1469732968.021418, 11.203233, 0.410153, VALID
723    1469732968.034410, 11.244432, 0.331614, VALID
724    1469732968.047369, 11.192429, 0.410153, VALID
725    1469732968.060339, 11.203563, 0.418880, VALID
726    1469732968.073330, 11.181624, 0.410153, VALID
727    1469732968.089611, 11.171083, 0.418880, VALID
728    1469732968.101393, 11.160018, 0.410153, VALID
729    1469732968.114299, 11.171083, 0.418880, VALID
730    1469732968.127343, 11.138415, 0.410153, VALID
731    1469732968.141412, 11.138609, 0.418880, VALID
732    1469732968.154323, 11.127614, 0.410153, VALID
733    1469732968.168516, 11.113790, 0.418880, VALID
734    1469732968.180486, 11.113779, 0.410153, VALID
735    1469732968.194336, 11.092153, 0.418880, VALID
736    1469732968.208342, 11.100786, 0.410153, VALID
737    1469732968.221331, 11.068229, 0.418880, VALID
738    1469732968.233323, 11.079200, 0.410153, VALID
739    1469732968.248072, 11.057415, 0.418880, VALID
740    1469732968.260308, 11.057614, 0.410153, VALID
741    1469732968.274317, 11.046602, 0.418880, VALID
742    1469732968.287283, 11.057614, 0.410153, VALID
743    1469732968.301282, 11.035789, 0.418880, VALID
744    1469732968.314583, 11.048202, 0.340340, VALID
745    1469732968.327503, 11.014169, 0.418880, VALID
746    1469732968.341404, 11.045455, 0.427607, VALID
747    1469732968.354339, 10.992550, 0.418880, VALID
748    1469732968.368408, 11.023790, 0.427607, VALID
749    1469732968.381437, 10.981742, 0.418880, VALID
750    1469732968.394401, 11.023790, 0.427607, VALID
751    1469732968.408331, 10.976337, 0.418880, VALID
752    1469732968.420318, 11.007790, 0.427607, VALID
753    1469732968.434351, 10.965525, 0.418880, VALID
754    1469732968.447578, 11.001088, 0.357794, VALID
755    1469732968.460355, 10.965228, 0.418880, VALID
756    1469732968.473346, 10.997135, 0.427607, VALID
757    1469732968.487304, 10.965228, 0.418880, VALID
758    1469732968.501337, 10.986937, 0.375247, VALID
759    1469732968.514325, 10.980678, 0.418880, VALID
760    1469732968.527283, 10.976526, 0.357794, VALID
761    1469732968.541455, 10.972139, 0.366520, VALID
762    1469732968.554303, 10.965866, 0.357794, VALID
763    1469732968.568362, 10.972632, 0.366520, VALID
764    1469732968.581298, 10.955049, 0.357794, VALID
765    1469732968.594335, 10.957956, 0.349067, VALID
766    1469732968.608351, 10.952396, 0.340340, VALID
767    1469732968.621294, 10.953347, 0.331614, VALID
768    1469732968.633387, 10.941790, 0.340340, VALID
769    1469732968.648477, 10.942771, 0.331614, VALID
770    1469732968.660345, 10.942355, 0.357794, VALID
771    1469732968.674344, 10.945421, 0.349067, VALID
772    1469732968.688460, 10.953383, 0.392700, VALID
773    1469732968.702613, 10.927705, 0.366520, VALID
774    1469732968.714330, 10.949328, 0.322887, VALID
775    1469732968.728314, 10.927705, 0.366520, VALID
776    1469732968.741350, 10.933533, 0.375247, VALID
777    1469732968.755287, 10.927761, 0.383973, VALID
778    1469732968.768439, 10.940758, 0.392700, VALID
779    1469732968.781047, 10.915261, 0.383973, VALID
780    1469732968.795047, 10.921155, 0.375247, VALID
781    1469732968.808147, 10.911189, 0.383973, VALID
782    1469732968.821172, 10.925691, 0.392700, VALID
783    1469732968.835171, 10.900450, 0.383973, VALID
784    1469732968.848346, 10.917300, 0.375247, VALID
785    1469732968.861160, 10.893737, 0.383973, VALID
786    1469732968.874044, 10.889519, 0.375247, VALID
787    1469732968.888284, 10.904471, 0.383973, VALID
788    1469732968.902055, 10.889519, 0.375247, VALID
789    1469732968.914029, 10.872269, 0.383973, VALID
790    1469732968.928000, 10.889519, 0.375247, VALID
791    1469732968.941017, 10.883002, 0.383973, VALID
792    1469732968.954025, 10.868103, 0.375247, VALID
793    1469732968.968516, 10.883035, 0.383973, VALID
794    1469732968.982018, 10.889006, 0.375247, VALID
795    1469732968.994012, 10.883035, 0.383973, VALID
796    1469732969.008122, 10.897683, 0.392700, VALID
797    1469732969.021399, 10.883035, 0.383973, VALID
798    1469732969.035229, 10.878291, 0.375247, VALID
799    1469732969.048020, 10.883035, 0.383973, VALID
800    1469732969.061007, 10.872127, 0.375247, VALID
801    1469732969.075163, 10.865784, 0.383973, VALID
802    1469732969.088286, 10.850122, 0.357794, VALID
803    1469732969.101189, 10.853847, 0.349067, VALID
804    1469732969.114090, 10.841537, 0.357794, VALID
805    1469732969.128024, 10.840481, 0.418880, VALID
806    1469732969.142635, 10.849144, 0.340340, VALID
807    1469732969.155991, 10.829662, 0.418880, VALID
808    1469732969.168003, 10.822502, 0.410153, VALID
809    1469732969.181989, 10.800347, 0.418880, VALID
810    1469732969.194089, 10.828547, 0.357794, VALID
811    1469732969.208663, 10.798353, 0.418880, VALID
812    1469732969.221386, 10.819498, 0.357794, VALID
813    1469732969.234995, 10.819924, 0.418880, VALID
814    1469732969.248055, 10.819498, 0.357794, VALID
815    1469732969.261025, 10.811514, 0.418880, VALID
816    1469732969.275068, 10.812957, 0.410153, VALID
817    1469732969.290337, 10.808795, 0.349067, VALID
818    1469732969.303022, 10.813530, 0.357794, VALID
819    1469732969.314081, 10.828482, 0.331614, VALID
820    1469732969.327107, 10.834797, 0.357794, VALID
821    1469732969.341073, 10.833282, 0.383973, VALID
822    1469732969.354092, 10.824163, 0.357794, VALID
823    1469732969.368052, 10.836083, 0.366520, VALID
824    1469732969.382026, 10.854647, 0.392700, VALID
825    1469732969.394184, 10.852889, 0.383973, VALID
826    1469732969.408136, 10.861025, 0.375247, VALID
827    1469732969.421071, 10.864238, 0.383973, VALID
828    1469732969.435238, 10.877317, 0.392700, VALID
829    1469732969.448126, 10.864238, 0.383973, VALID
830    1469732969.461046, 10.883875, 0.375247, VALID
831    1469732969.475100, 10.877048, 0.383973, VALID
832    1469732969.488038, 10.873170, 0.375247, VALID
833    1469732969.503016, 10.872280, 0.366520, VALID
834    1469732969.515043, 10.877122, 0.357794, VALID
835    1469732969.528161, 10.882960, 0.366520, VALID
836    1469732969.541092, 10.855811, 0.357794, VALID
837    1469732969.556089, 10.867034, 0.314160, VALID
838    1469732969.568042, 10.871438, 0.357794, VALID
839    1469732969.583573, 10.858650, 0.331614, VALID
840    1469732969.595245, 10.871438, 0.357794, VALID
841    1469732969.608154, 10.868004, 0.331614, VALID
842    1469732969.621066, 10.869161, 0.322887, VALID
843    1469732969.635094, 10.868004, 0.331614, VALID
844    1469732969.648246, 10.869161, 0.322887, VALID
845    1469732969.662079, 10.863446, 0.331614, VALID
846    1469732969.675077, 10.864366, 0.357794, VALID
847    1469732969.688061, 10.863446, 0.331614, VALID
848    1469732969.703070, 10.856975, 0.410153, VALID
849    1469732969.715015, 10.857046, 0.418880, VALID
850    1469732969.729158, 10.835389, 0.410153, VALID
851    1469732969.741066, 10.863709, 0.349067, VALID
852    1469732969.756098, 10.846181, 0.410153, VALID
853    1469732969.768128, 10.836108, 0.418880, VALID
854    1469732969.782071, 10.804631, 0.410153, VALID
855    1469732969.795030, 10.814524, 0.418880, VALID
856    1469732969.808056, 10.778499, 0.410153, VALID
857    1469732969.821012, 10.809223, 0.418880, VALID
858    1469732969.835363, 10.767746, 0.410153, VALID
859    1469732969.849310, 10.798450, 0.418880, VALID
860    1469732969.861038, 10.746681, 0.410153, VALID
861    1469732969.875361, 10.755363, 0.418880, VALID
862    1469732969.888063, 10.746681, 0.410153, VALID
863    1469732969.903100, 10.746806, 0.418880, VALID
864    1469732969.915023, 10.727754, 0.410153, VALID
865    1469732969.928035, 10.725310, 0.418880, VALID
866    1469732969.941081, 10.695565, 0.410153, VALID
867    1469732969.956798, 10.719759, 0.418880, VALID
868    1469732969.967925, 10.679536, 0.410153, VALID
869    1469732969.982788, 10.698280, 0.418880, VALID
870    1469732969.995885, 10.658094, 0.410153, VALID
871    1469732970.008925, 10.669276, 0.418880, VALID
872    1469732970.023231, 10.661169, 0.410153, VALID
873    1469732970.035826, 10.647798, 0.418880, VALID
874    1469732970.048805, 10.629004, 0.410153, VALID
875    1469732970.061798, 10.642541, 0.418880, VALID
876    1469732970.075832, 10.612804, 0.410153, VALID
877    1469732970.088939, 10.610313, 0.418880, VALID
878    1469732970.103079, 10.612297, 0.410153, VALID
879    1469732970.115751, 10.599471, 0.418880, VALID
880    1469732970.128777, 10.580091, 0.410153, VALID
881    1469732970.141911, 10.567217, 0.418880, VALID
882    1469732970.156888, 10.589362, 0.410153, VALID
883    1469732970.167749, 10.555766, 0.418880, VALID
884    1469732970.183074, 10.578607, 0.410153, VALID
885    1469732970.195800, 10.523455, 0.418880, VALID
886    1469732970.208811, 10.565484, 0.340340, VALID
887    1469732970.221876, 10.524861, 0.418880, VALID
888    1469732970.235875, 10.533882, 0.427607, VALID
889    1469732970.248829, 10.481737, 0.418880, VALID
890    1469732970.261797, 10.496005, 0.427607, VALID
891    1469732970.275787, 10.454485, 0.418880, VALID
892    1469732970.288861, 10.463595, 0.427607, VALID
893    1469732970.302898, 10.411361, 0.418880, VALID
894    1469732970.314736, 10.431194, 0.427607, VALID
895    1469732970.328904, 10.389802, 0.418880, VALID
896    1469732970.342021, 10.377209, 0.427607, VALID
897    1469732970.357862, 10.366140, 0.418880, VALID
898    1469732970.368853, 10.353426, 0.427607, VALID
899    1469732970.382890, 10.323052, 0.418880, VALID
900    1469732970.395830, 10.321058, 0.427607, VALID
901    1469732970.410909, 10.303606, 0.418880, VALID
902    1469732970.422030, 10.280090, 0.427607, VALID
903    1469732970.435816, 10.265278, 0.366520, VALID
904    1469732970.448821, 10.247734, 0.427607, VALID
905    1469732970.461817, 10.229584, 0.366520, VALID
906    1469732970.475762, 10.210229, 0.427607, VALID
907    1469732970.488797, 10.197650, 0.366520, VALID
908    1469732970.502816, 10.165143, 0.427607, VALID
909    1469732970.514786, 10.142990, 0.366520, VALID
910    1469732970.528867, 10.139584, 0.357794, VALID
911    1469732970.542802, 10.100434, 0.366520, VALID
912    1469732970.556797, 10.089785, 0.427607, VALID
913    1469732970.568905, 10.068522, 0.366520, VALID
914    1469732970.582805, 10.049665, 0.375247, VALID
915    1469732970.595790, 10.025982, 0.366520, VALID
916    1469732970.608770, 10.013619, 0.427607, VALID
917    1469732970.621926, 9.995188, 0.383973, VALID
918    1469732970.636776, 9.972007, 0.375247, VALID
919    1469732970.648804, 9.941801, 0.383973, VALID
920    1469732970.662746, 9.932297, 0.427607, VALID
921    1469732970.675980, 9.907674, 0.436333, VALID
922    1469732970.689030, 9.873695, 0.357794, VALID
923    1469732970.703772, 9.855922, 0.436333, VALID
924    1469732970.715856, 9.832646, 0.357794, VALID
925    1469732970.728850, 9.769740, 0.436333, VALID
926    1469732970.741847, 9.754907, 0.445060, VALID
927    1469732970.756842, 9.708979, 0.436333, VALID
928    1469732970.768798, 9.704597, 0.445060, VALID
929    1469732970.782813, 9.655224, 0.436333, VALID
930    1469732970.795776, 9.640021, 0.445060, VALID
931    1469732970.808807, 9.622984, 0.436333, VALID
932    1469732970.821837, 9.596992, 0.445060, VALID
933    1469732970.835781, 9.570113, 0.453787, VALID
934    1469732970.849095, 9.543232, 0.445060, VALID
935    1469732970.862787, 9.502504, 0.453787, VALID
936    1469732970.875868, 9.475827, 0.445060, VALID
937    1469732970.888982, 9.438015, 0.453787, VALID
938    1469732970.903777, 9.420048, 0.445060, VALID
939    1469732970.915738, 9.392875, 0.453787, VALID
940    1469732970.929087, 9.355696, 0.445060, VALID
941    1469732970.942845, 9.314593, 0.418880, VALID
942    1469732970.956766, 9.281026, 0.410153, VALID
943    1469732970.968790, 9.235589, 0.418880, VALID
944    1469732970.982800, 9.206414, 0.410153, VALID
945    1469732970.995822, 9.182252, 0.418880, VALID
946    1469732971.008756, 9.156578, 0.392700, VALID
947    1469732971.022864, 9.125300, 0.383973, VALID
948    1469732971.035808, 9.110555, 0.410153, VALID
949    1469732971.048800, 9.088716, 0.436333, VALID
950    1469732971.062758, 9.073071, 0.392700, VALID
951    1469732971.075887, 9.050443, 0.401427, VALID
952    1469732971.087768, 9.019976, 0.392700, VALID
953    1469732971.104817, 8.994555, 0.418880, VALID
954    1469732971.115752, 8.979692, 0.392700, VALID
955    1469732971.128821, 8.951954, 0.418880, VALID
956    1469732971.141826, 8.905397, 0.392700, VALID
957    1469732971.156325, 8.893841, 0.418880, VALID
958    1469732971.168827, 8.864705, 0.410153, VALID
959    1469732971.182858, 8.829956, 0.418880, VALID
960    1469732971.194819, 8.815697, 0.427607, VALID
961    1469732971.208743, 8.787708, 0.401427, VALID
962    1469732971.222756, 8.769085, 0.427607, VALID
963    1469732971.236845, 8.732903, 0.436333, VALID
964    1469732971.248786, 8.711363, 0.410153, VALID
965    1469732971.262782, 8.677670, 0.418880, VALID
966    1469732971.275853, 8.663926, 0.427607, VALID
967    1469732971.288841, 8.635056, 0.418880, VALID
968    1469732971.308264, 8.614384, 0.410153, VALID
969    1469732971.314749, 8.573937, 0.436333, VALID
970    1469732971.328775, 8.537547, 0.445060, VALID
971    1469732971.342787, 8.509883, 0.436333, VALID
972    1469732971.356955, 8.495328, 0.427607, VALID
973    1469732971.368763, 8.465732, 0.418880, VALID
974    1469732971.383290, 8.486562, 0.479967, VALID
975    1469732971.395829, 8.489584, 0.488693, VALID
976    1469732971.408763, 8.448472, 0.479967, VALID
977    1469732971.421827, 8.430449, 0.488693, VALID
978    1469732971.435772, 8.400871, 0.497420, VALID
979    1469732971.448784, 8.376673, 0.488693, VALID
980    1469732971.463144, 8.350739, 0.497420, VALID
981    1469732971.475836, 8.326098, 0.488693, VALID
982    1469732971.487787, 8.307642, 0.497420, VALID
983    1469732971.504817, 8.265988, 0.488693, VALID
984    1469732971.515795, 8.247636, 0.497420, VALID
985    1469732971.528856, 8.217731, 0.506146, VALID
986    1469732971.542829, 8.183054, 0.497420, VALID
987    1469732971.556782, 8.147173, 0.506146, VALID
988    1469732971.568809, 8.133914, 0.497420, VALID
989    1469732971.582947, 8.093365, 0.506146, VALID
990    1469732971.595836, 8.058649, 0.497420, VALID
991    1469732971.609063, 8.028855, 0.506146, VALID
992    1469732971.621693, 8.004942, 0.497420, VALID
993    1469732971.635672, 7.985888, 0.506146, VALID
994    1469732971.648777, 7.929829, 0.497420, VALID
995    1469732971.662779, 7.898275, 0.506146, VALID
996    1469732971.675692, 7.863812, 0.497420, VALID
997    1469732971.688699, 7.788053, 0.453787, VALID
998    1469732971.703753, 7.736173, 0.410153, VALID
999    1469732971.715925, 7.700503, 0.453787, VALID
1000    1469732971.728887, 7.672814, 0.445060, VALID
1001    1469732971.742657, 7.647253, 0.453787, VALID
1002    1469732971.758087, 7.611152, 0.427607, VALID
1003    1469732971.768650, 7.571176, 0.418880, VALID
1004    1469732971.782773, 7.541210, 0.410153, VALID
1005    1469732971.795655, 7.514825, 0.453787, VALID
1006    1469732971.808688, 7.477632, 0.427607, VALID
1007    1469732971.822730, 7.442475, 0.436333, VALID
1008    1469732971.835661, 7.414153, 0.427607, VALID
1009    1469732971.848742, 7.378993, 0.436333, VALID
1010    1469732971.862746, 7.336539, 0.462513, VALID
1011    1469732971.875979, 7.309094, 0.471240, VALID
1012    1469732971.889658, 7.273172, 0.462513, VALID
1013    1469732971.905788, 7.223995, 0.453787, VALID
1014    1469732971.916157, 7.186656, 0.462513, VALID
1015    1469732971.929190, 7.159208, 0.471240, VALID
1016    1469732971.942160, 7.123460, 0.462513, VALID
1017    1469732971.957162, 7.097601, 0.453787, VALID
1018    1469732971.969272, 7.067971, 0.479967, VALID
1019    1469732971.983245, 7.032932, 0.471240, VALID
1020    1469732971.996177, 6.999406, 0.497420, VALID
1021    1469732972.009204, 6.969889, 0.471240, VALID
1022    1469732972.022225, 6.945008, 0.445060, VALID
1023    1469732972.036302, 6.916992, 0.506146, VALID
1024    1469732972.049712, 6.871287, 0.462513, VALID
1025    1469732972.062176, 6.856510, 0.471240, VALID
1026    1469732972.076174, 6.810350, 0.462513, VALID
1027    1469732972.090211, 6.783145, 0.471240, VALID
1028    1469732972.103291, 6.757967, 0.462513, VALID
1029    1469732972.115129, 6.720332, 0.471240, VALID
1030    1469732972.128483, 6.682109, 0.479967, VALID
1031    1469732972.142197, 6.664192, 0.488693, VALID
1032    1469732972.157262, 6.629865, 0.479967, VALID
1033    1469732972.169182, 6.601551, 0.488693, VALID
1034    1469732972.182171, 6.572642, 0.497420, VALID
1035    1469732972.196314, 6.549404, 0.488693, VALID
1036    1469732972.209165, 6.517579, 0.462513, VALID
1037    1469732972.222209, 6.480160, 0.471240, VALID
1038    1469732972.236181, 6.458107, 0.497420, VALID
1039    1469732972.249371, 6.407969, 0.506146, VALID
1040    1469732972.262134, 6.385350, 0.497420, VALID
1041    1469732972.276484, 6.356075, 0.506146, VALID
1042    1469732972.289448, 6.333443, 0.497420, VALID
1043    1469732972.304151, 6.304235, 0.506146, VALID
1044    1469732972.315158, 6.274463, 0.514873, VALID
1045    1469732972.330176, 6.261735, 0.471240, VALID
1046    1469732972.343176, 6.222750, 0.514873, VALID
1047    1469732972.358167, 6.192573, 0.506146, VALID
1048    1469732972.369271, 6.159834, 0.497420, VALID
1049    1469732972.383168, 6.140468, 0.471240, VALID
1050    1469732972.396265, 6.102763, 0.479967, VALID
1051    1469732972.409334, 6.075499, 0.488693, VALID
1052    1469732972.422927, 6.046863, 0.497420, VALID
1053    1469732972.436154, 6.007445, 0.506146, VALID
1054    1469732972.449335, 5.988294, 0.532326, VALID
1055    1469732972.462161, 5.955360, 0.541053, VALID
1056    1469732972.476234, 5.925901, 0.532326, VALID
1057    1469732972.489287, 5.904594, 0.541053, VALID
1058    1469732972.504211, 5.867548, 0.532326, VALID
1059    1469732972.516137, 5.836091, 0.541053, VALID
1060    1469732972.529259, 5.814218, 0.549780, VALID
1061    1469732972.543351, 5.791795, 0.558506, VALID
1062    1469732972.557235, 5.761575, 0.532326, VALID
1063    1469732972.571466, 5.740352, 0.541053, VALID
1064    1469732972.582129, 5.711277, 0.514873, VALID
1065    1469732972.595173, 5.681207, 0.523600, VALID
1066    1469732972.609135, 5.658320, 0.549780, VALID
1067    1469732972.623199, 5.639720, 0.541053, VALID
1068    1469732972.636171, 5.610388, 0.532326, VALID
1069    1469732972.650299, 5.589491, 0.541053, VALID
1070    1469732972.662137, 5.568741, 0.497420, VALID
1071    1469732972.676131, 5.542341, 0.575960, VALID
1072    1469732972.690234, 5.521572, 0.532326, VALID
1073    1469732972.704171, 5.500906, 0.541053, VALID
1074    1469732972.716156, 5.469729, 0.549780, VALID
1075    1469732972.729255, 5.458037, 0.558506, VALID
1076    1469732972.742162, 5.425884, 0.567233, VALID
1077    1469732972.758302, 5.406473, 0.558506, VALID
1078    1469732972.769367, 5.378178, 0.549780, VALID
1079    1469732972.782136, 5.356709, 0.558506, VALID
1080    1469732972.796230, 5.324818, 0.567233, VALID
1081    1469732972.810131, 5.309220, 0.523600, VALID
1082    1469732972.822187, 5.295075, 0.567233, VALID
1083    1469732972.836171, 5.269389, 0.541053, VALID
1084    1469732972.850169, 5.245553, 0.567233, VALID
1085    1469732972.862210, 5.221121, 0.541053, VALID
1086    1469732972.876215, 5.197724, 0.567233, VALID
1087    1469732972.890190, 5.175663, 0.575960, VALID
1088    1469732972.904212, 5.178521, 0.584686, VALID
1089    1469732972.916233, 5.165337, 0.593413, VALID
1090    1469732972.930148, 5.153730, 0.567233, VALID
1091    1469732972.942185, 5.132528, 0.645773, VALID
1092    1469732972.958129, 5.114969, 0.637046, VALID
1093    1469732972.970209, 5.101735, 0.628320, VALID
1094    1469732972.983305, 5.090985, 0.654500, VALID
1095    1469732972.996225, 5.069443, 0.645773, VALID
1096    1469732973.010140, 5.033196, 0.654500, VALID
1097    1469732973.022167, 5.021168, 0.645773, VALID
1098    1469732973.036181, 5.008403, 0.637046, VALID
1099    1469732973.049182, 5.001879, 0.645773, VALID
1100    1469732973.062353, 4.979400, 0.637046, VALID
1101    1469732973.076267, 4.953707, 0.645773, VALID
1102    1469732973.089187, 4.937121, 0.654500, VALID
1103    1469732973.104458, 4.900870, 0.663226, VALID
1104    1469732973.117229, 4.889196, 0.654500, VALID
1105    1469732973.130231, 4.876788, 0.645773, VALID
1106    1469732973.142240, 4.854709, 0.671953, VALID
1107    1469732973.158173, 4.828809, 0.645773, VALID
1108    1469732973.169161, 4.796572, 0.619593, VALID
1109    1469732973.183358, 4.780904, 0.645773, VALID
1110    1469732973.196259, 4.757937, 0.619593, VALID
1111    1469732973.210152, 4.734185, 0.628320, VALID
1112    1469732973.223128, 4.719347, 0.619593, VALID
1113    1469732973.236116, 4.694162, 0.610866, VALID
1114    1469732973.249170, 4.671676, 0.637046, VALID
1115    1469732973.262529, 4.647741, 0.628320, VALID
1116    1469732973.276134, 4.633420, 0.637046, VALID
1117    1469732973.289144, 4.609397, 0.628320, VALID
1118    1469732973.304145, 4.594244, 0.619593, VALID
1119    1469732973.316129, 4.571098, 0.628320, VALID
1120    1469732973.330338, 4.552273, 0.602140, VALID
1121    1469732973.342129, 4.542405, 0.628320, VALID
1122    1469732973.358139, 4.517496, 0.619593, VALID
1123    1469732973.370394, 4.504187, 0.628320, VALID
1124    1469732973.382168, 4.479190, 0.619593, VALID
1125    1469732973.396375, 4.466015, 0.628320, VALID
1126    1469732973.410151, 4.460460, 0.584686, VALID
1127    1469732973.423159, 4.438834, 0.628320, VALID
1128    1469732973.436201, 4.423195, 0.619593, VALID
1129    1469732973.449272, 4.406894, 0.610866, VALID
1130    1469732973.462290, 4.395439, 0.619593, VALID
1131    1469732973.476300, 4.379039, 0.610866, VALID
1132    1469732973.489203, 4.359797, 0.637046, VALID
1133    1469732973.504102, 4.344545, 0.628320, VALID
1134    1469732973.516240, 4.328628, 0.619593, VALID
1135    1469732973.529250, 4.316993, 0.663226, VALID
1136    1469732973.543186, 4.302955, 0.637046, VALID
1137    1469732973.558258, 4.290780, 0.645773, VALID
1138    1469732973.569165, 4.284544, 0.671953, VALID
1139    1469732973.584364, 4.262240, 0.663226, VALID
1140    1469732973.596179, 4.253726, 0.619593, VALID
1141    1469732973.610098, 4.235202, 0.645773, VALID
1142    1469732973.623215, 4.229603, 0.637046, VALID
1143    1469732973.636154, 4.213918, 0.628320, VALID
1144    1469732973.649334, 4.201264, 0.637046, VALID
1145    1469732973.663124, 4.180051, 0.645773, VALID
1146    1469732973.677219, 4.174240, 0.637046, VALID
1147    1469732973.690142, 4.170644, 0.645773, VALID
1148    1469732973.705346, 4.157569, 0.637046, VALID
1149    1469732973.716180, 4.144676, 0.645773, VALID
1150    1469732973.730153, 4.138691, 0.637046, VALID
1151    1469732973.743211, 4.132108, 0.628320, VALID
1152    1469732973.758126, 4.122757, 0.637046, VALID
1153    1469732973.770329, 4.116046, 0.628320, VALID
1154    1469732973.783132, 4.103878, 0.637046, VALID
1155    1469732973.796173, 4.092571, 0.663226, VALID
1156    1469732973.809128, 4.089751, 0.619593, VALID
1157    1469732973.823245, 4.072453, 0.645773, VALID
1158    1469732973.836153, 4.078150, 0.654500, VALID
1159    1469732973.851270, 4.068724, 0.628320, VALID
1160    1469732973.863181, 4.050076, 0.654500, VALID
1161    1469732973.877126, 4.054537, 0.680680, VALID
1162    1469732973.889169, 4.050076, 0.654500, VALID
1163    1469732973.904116, 4.053638, 0.680680, VALID
1164    1469732973.916197, 4.037091, 0.637046, VALID
1165    1469732973.930214, 4.035770, 0.663226, VALID
1166    1469732973.944167, 4.037091, 0.637046, VALID
1167    1469732973.959092, 4.034486, 0.663226, VALID
1168    1469732973.970123, 4.029284, 0.654500, VALID
1169    1469732973.983108, 4.025182, 0.663226, VALID
1170    1469732973.996555, 4.019947, 0.654500, VALID
1171    1469732974.010351, 4.023477, 0.645773, VALID
1172    1469732974.023207, 4.019947, 0.654500, VALID
1173    1469732974.036155, 4.023477, 0.645773, VALID
1174    1469732974.050329, 4.011275, 0.671953, VALID
1175    1469732974.063367, 4.009305, 0.628320, VALID
1176    1469732974.077475, 4.011210, 0.619593, VALID
1177    1469732974.090149, 4.009305, 0.628320, VALID
1178    1469732974.104160, 3.999793, 0.671953, VALID
1179    1469732974.116162, 3.998649, 0.628320, VALID
1180    1469732974.129400, 3.999150, 0.654500, VALID
1181    1469732974.143194, 4.008070, 0.628320, VALID
1182    1469732974.158457, 3.997086, 0.654500, VALID
1183    1469732974.169172, 4.006120, 0.628320, VALID
1184    1469732974.183187, 4.006398, 0.654500, VALID
1185    1469732974.196334, 4.006120, 0.628320, VALID
1186    1469732974.209269, 4.005500, 0.654500, VALID
1187    1469732974.222122, 4.014686, 0.628320, VALID
1188    1469732974.236141, 4.014811, 0.654500, VALID
1189    1469732974.249167, 4.018206, 0.610866, VALID
1190    1469732974.262167, 4.011727, 0.671953, VALID
1191    1469732974.275195, 4.015575, 0.680680, VALID
1192    1469732974.290194, 4.027693, 0.637046, VALID
1193    1469732974.305356, 4.022474, 0.680680, VALID
1194    1469732974.316365, 4.034976, 0.637046, VALID
1195    1469732974.329389, 4.032843, 0.663226, VALID
1196    1469732974.342411, 4.037211, 0.654500, VALID
1197    1469732974.358501, 4.044572, 0.680680, VALID
1198    1469732974.369373, 4.050238, 0.671953, VALID
1199    1469732974.383913, 4.054639, 0.645773, VALID
1200    1469732974.396405, 4.050642, 0.654500, VALID
1201    1469732974.409393, 4.050399, 0.645773, VALID
1202    1469732974.422415, 4.073332, 0.671953, VALID
1203    1469732974.436563, 4.069002, 0.645773, VALID
1204    1469732974.449576, 4.081954, 0.637046, VALID
1205    1469732974.462475, 4.084154, 0.645773, VALID
1206    1469732974.475372, 4.089132, 0.654500, VALID
1207    1469732974.489423, 4.100477, 0.628320, VALID
1208    1469732974.504664, 4.104466, 0.637046, VALID
1209    1469732974.516384, 4.109905, 0.645773, VALID
1210    1469732974.529824, 4.131739, 0.671953, VALID
1211    1469732974.542414, 4.135884, 0.628320, VALID
1212    1469732974.558373, 4.140872, 0.637046, VALID
1213    1469732974.568432, 4.153718, 0.628320, VALID
1214    1469732974.583611, 4.166101, 0.619593, VALID
1215    1469732974.596400, 4.187467, 0.610866, VALID
1216    1469732974.609361, 4.196929, 0.637046, VALID
1217    1469732974.622355, 4.202024, 0.645773, VALID
1218    1469732974.636505, 4.215637, 0.637046, VALID
1219    1469732974.649512, 4.228866, 0.663226, VALID
1220    1469732974.662457, 4.241449, 0.619593, VALID
1221    1469732974.677677, 4.253651, 0.610866, VALID
1222    1469732974.689392, 4.262455, 0.637046, VALID
1223    1469732974.704543, 4.284464, 0.663226, VALID
1224    1469732974.716418, 4.298073, 0.619593, VALID
1225    1469732974.729405, 4.304700, 0.645773, VALID
1226    1469732974.743401, 4.326421, 0.619593, VALID
1227    1469732974.757349, 4.340165, 0.663226, VALID
1228    1469732974.768420, 4.346900, 0.637046, VALID
1229    1469732974.783378, 4.360553, 0.628320, VALID
1230    1469732974.796499, 4.374106, 0.654500, VALID
1231    1469732974.808355, 4.388860, 0.628320, VALID
1232    1469732974.822362, 4.411476, 0.654500, VALID
1233    1469732974.836888, 4.414926, 0.610866, VALID
1234    1469732974.849411, 4.427235, 0.602140, VALID
1235    1469732974.862330, 4.447322, 0.593413, VALID
1236    1469732974.875346, 4.457623, 0.619593, VALID
1237    1469732974.889369, 4.470640, 0.610866, VALID
1238    1469732974.904763, 4.492724, 0.602140, VALID
1239    1469732974.916345, 4.504802, 0.593413, VALID
1240    1469732974.929402, 4.526016, 0.584686, VALID
1241    1469732974.942393, 4.546813, 0.575960, VALID
1242    1469732974.958565, 4.554892, 0.584686, VALID
1243    1469732974.969357, 4.567720, 0.558506, VALID
1244    1469732974.983698, 4.596259, 0.567233, VALID
1245    1469732974.996408, 4.606587, 0.558506, VALID
1246    1469732975.009384, 4.625350, 0.567233, VALID
1247    1469732975.023364, 4.645493, 0.558506, VALID
1248    1469732975.036445, 4.660963, 0.584686, VALID
1249    1469732975.049377, 4.680710, 0.610866, VALID
1250    1469732975.062724, 4.709277, 0.584686, VALID
1251    1469732975.076421, 4.735641, 0.593413, VALID
1252    1469732975.089432, 4.770818, 0.637046, VALID
1253    1469732975.104439, 4.797137, 0.663226, VALID
1254    1469732975.116407, 4.807604, 0.671953, VALID
1255    1469732975.129462, 4.834866, 0.663226, VALID
1256    1469732975.143122, 4.852181, 0.654500, VALID
1257    1469732975.157867, 4.849934, 0.645773, VALID
1258    1469732975.169864, 4.880619, 0.654500, VALID
1259    1469732975.182877, 4.891545, 0.663226, VALID
1260    1469732975.195881, 4.918576, 0.654500, VALID
1261    1469732975.210001, 4.929389, 0.663226, VALID
1262    1469732975.222831, 4.956578, 0.654500, VALID
1263    1469732975.236858, 4.967278, 0.663226, VALID
1264    1469732975.249895, 4.985109, 0.654500, VALID
1265    1469732975.263836, 4.989744, 0.645773, VALID
1266    1469732975.276977, 5.016041, 0.637046, VALID
1267    1469732975.290519, 5.037461, 0.645773, VALID
1268    1469732975.304825, 5.040351, 0.637046, VALID
1269    1469732975.315854, 5.061573, 0.645773, VALID
1270    1469732975.329867, 5.078640, 0.637046, VALID
1271    1469732975.343946, 5.090213, 0.645773, VALID
1272    1469732975.357838, 5.097689, 0.637046, VALID
1273    1469732975.369877, 5.124028, 0.628320, VALID
1274    1469732975.382854, 5.135918, 0.637046, VALID
1275    1469732975.395885, 5.137526, 0.645773, VALID
1276    1469732975.410510, 5.165635, 0.637046, VALID
1277    1469732975.422925, 5.173207, 0.628320, VALID
1278    1469732975.435905, 5.213387, 0.637046, VALID
1279    1469732975.449917, 5.211531, 0.628320, VALID
1280    1469732975.462873, 5.225744, 0.637046, VALID
1281    1469732975.477267, 5.243232, 0.628320, VALID
1282    1469732975.489928, 5.254374, 0.637046, VALID
1283    1469732975.508342, 5.284356, 0.628320, VALID
1284    1469732975.515317, 5.291945, 0.619593, VALID
1285    1469732975.530354, 5.313059, 0.628320, VALID
1286    1469732975.542580, 5.320741, 0.619593, VALID
1287    1469732975.558406, 5.333513, 0.628320, VALID
1288    1469732975.570354, 5.360608, 0.619593, VALID
1289    1469732975.584430, 5.381299, 0.628320, VALID
1290    1469732975.597146, 5.398977, 0.619593, VALID
1291    1469732975.610327, 5.396838, 0.628320, VALID
1292    1469732975.623335, 5.443418, 0.619593, VALID
1293    1469732975.636204, 5.441476, 0.610866, VALID
1294    1469732975.650181, 5.462618, 0.619593, VALID
1295    1469732975.664142, 5.477940, 0.610866, VALID
1296    1469732975.677355, 5.508536, 0.619593, VALID
1297    1469732975.690224, 5.535751, 0.610866, VALID
1298    1469732975.705240, 5.537368, 0.619593, VALID
1299    1469732975.717161, 5.564688, 0.610866, VALID
1300    1469732975.730369, 5.581799, 0.602140, VALID
1301    1469732975.743225, 5.612964, 0.610866, VALID
1302    1469732975.758237, 5.620541, 0.602140, VALID
1303    1469732975.770200, 5.641957, 0.610866, VALID
1304    1469732975.783186, 5.669018, 0.602140, VALID
1305    1469732975.796206, 5.685811, 0.593413, VALID
1306    1469732975.810419, 5.707842, 0.602140, VALID
1307    1469732975.823341, 5.729063, 0.610866, VALID
1308    1469732975.837218, 5.766148, 0.602140, VALID
1309    1469732975.850295, 5.777536, 0.610866, VALID
1310    1469732975.863189, 5.785601, 0.602140, VALID
1311    1469732975.876199, 5.816357, 0.610866, VALID
1312    1469732975.890841, 5.844015, 0.602140, VALID
1313    1469732975.904152, 5.871117, 0.593413, VALID
1314    1469732975.916177, 5.878057, 0.584686, VALID
1315    1469732975.929295, 5.910232, 0.593413, VALID
1316    1469732975.943225, 5.912269, 0.602140, VALID
1317    1469732975.958463, 5.955217, 0.593413, VALID
1318    1469732975.970248, 5.966801, 0.602140, VALID
1319    1469732975.983176, 5.994366, 0.593413, VALID
1320    1469732975.997168, 6.011541, 0.584686, VALID
1321    1469732976.010390, 6.041778, 0.593413, VALID
1322    1469732976.023268, 6.059120, 0.584686, VALID
1323    1469732976.037171, 6.075831, 0.575960, VALID
1324    1469732976.049183, 6.108278, 0.584686, VALID
1325    1469732976.063163, 6.110419, 0.593413, VALID
1326    1469732976.077275, 6.137799, 0.584686, VALID
1327    1469732976.089180, 6.154726, 0.575960, VALID
1328    1469732976.105612, 6.196900, 0.584686, VALID
1329    1469732976.116162, 6.204104, 0.575960, VALID
1330    1469732976.129241, 6.246210, 0.584686, VALID
1331    1469732976.143385, 6.263428, 0.575960, VALID
1332    1469732976.158344, 6.275823, 0.584686, VALID
1333    1469732976.170399, 6.293119, 0.575960, VALID
1334    1469732976.184155, 6.315336, 0.584686, VALID
1335    1469732976.197175, 6.352559, 0.575960, VALID
1336    1469732976.210474, 6.359421, 0.567233, VALID
1337    1469732976.224250, 6.402151, 0.575960, VALID
1338    1469732976.237170, 6.399180, 0.567233, VALID
1339    1469732976.251469, 6.441862, 0.575960, VALID
1340    1469732976.263182, 6.448927, 0.567233, VALID
1341    1469732976.276547, 6.485225, 0.558506, VALID
1342    1469732976.289237, 6.498726, 0.567233, VALID
1343    1469732976.305176, 6.521387, 0.575960, VALID
1344    1469732976.317219, 6.548577, 0.567233, VALID
1345    1469732976.330248, 6.565148, 0.558506, VALID
1346    1469732976.344289, 6.608468, 0.567233, VALID
1347    1469732976.358243, 6.615166, 0.558506, VALID
1348    1469732976.370363, 6.638441, 0.567233, VALID
1349    1469732976.384193, 6.645202, 0.558506, VALID
1350    1469732976.397412, 6.698442, 0.567233, VALID
1351    1469732976.411258, 6.702727, 0.558506, VALID
1352    1469732976.424212, 6.715788, 0.567233, VALID
1353    1469732976.437184, 6.752853, 0.558506, VALID
1354    1469732976.450270, 6.765832, 0.567233, VALID
1355    1469732976.465279, 6.792991, 0.558506, VALID
1356    1469732976.477434, 6.819506, 0.549780, VALID
1357    1469732976.491367, 6.833160, 0.558506, VALID
1358    1469732976.505263, 6.849699, 0.549780, VALID
1359    1469732976.517164, 6.883417, 0.558506, VALID
1360    1469732976.530213, 6.889986, 0.549780, VALID
1361    1469732976.544325, 6.933724, 0.558506, VALID
1362    1469732976.559174, 6.950474, 0.549780, VALID
1363    1469732976.571198, 6.974007, 0.558506, VALID
1364    1469732976.584202, 7.000935, 0.549780, VALID
1365    1469732976.597216, 7.024405, 0.558506, VALID
1366    1469732976.610219, 7.041339, 0.549780, VALID
1367    1469732976.624371, 7.057566, 0.541053, VALID
1368    1469732976.637153, 7.091888, 0.549780, VALID
1369    1469732976.650192, 7.108211, 0.541053, VALID
1370    1469732976.664151, 7.122241, 0.549780, VALID
1371    1469732976.677202, 7.138622, 0.541053, VALID
1372    1469732976.690288, 7.183000, 0.549780, VALID
1373    1469732976.705156, 7.202304, 0.541053, VALID
1374    1469732976.717177, 7.216295, 0.549780, VALID
1375    1469732976.732199, 7.232787, 0.541053, VALID
1376    1469732976.744199, 7.256892, 0.549780, VALID
1377    1469732976.757308, 7.265187, 0.541053, VALID
1378    1469732976.771380, 7.309650, 0.549780, VALID
1379    1469732976.784174, 7.316082, 0.541053, VALID
1380    1469732976.797165, 7.352355, 0.532326, VALID
1381    1469732976.811226, 7.356831, 0.541053, VALID
1382    1469732976.824289, 7.362560, 0.532326, VALID
1383    1469732976.837373, 7.377217, 0.541053, VALID
1384    1469732976.850290, 7.403399, 0.532326, VALID
1385    1469732976.864202, 7.438422, 0.541053, VALID
1386    1469732976.877183, 7.434049, 0.532326, VALID
1387    1469732976.891236, 7.489478, 0.541053, VALID
1388    1469732976.904197, 7.485168, 0.532326, VALID
1389    1469732976.920455, 7.523869, 0.488693, VALID
1390    1469732976.930456, 7.535581, 0.479967, VALID
1391    1469732976.943454, 7.556894, 0.471240, VALID
1392    1469732976.959576, 7.576797, 0.479967, VALID
1393    1469732976.971556, 7.572296, 0.523600, VALID
1394    1469732976.984441, 7.607727, 0.479967, VALID
1395    1469732976.998794, 7.623600, 0.523600, VALID
1396    1469732977.010491, 7.638670, 0.479967, VALID
1397    1469732977.024677, 7.657781, 0.488693, VALID
1398    1469732977.037509, 7.676114, 0.497420, VALID
1399    1469732977.051515, 7.688722, 0.488693, VALID
1400    1469732977.064705, 7.690273, 0.479967, VALID
1401    1469732977.077461, 7.722086, 0.471240, VALID
1402    1469732977.090484, 7.731584, 0.479967, VALID
1403    1469732977.104454, 7.750648, 0.488693, VALID
1404    1469732977.117446, 7.762008, 0.532326, VALID
1405    1469732977.130466, 7.771303, 0.488693, VALID
1406    1469732977.144686, 7.792851, 0.532326, VALID
1407    1469732977.158542, 7.805202, 0.488693, VALID
1408    1469732977.170486, 7.817112, 0.479967, VALID
1409    1469732977.184495, 7.828286, 0.471240, VALID
1410    1469732977.197471, 7.844222, 0.497420, VALID
1411    1469732977.210479, 7.863406, 0.488693, VALID
1412    1469732977.224883, 7.875197, 0.479967, VALID
1413    1469732977.237459, 7.884133, 0.488693, VALID
1414    1469732977.251477, 7.895941, 0.479967, VALID
1415    1469732977.264521, 7.917280, 0.488693, VALID
1416    1469732977.277515, 7.928789, 0.479967, VALID
1417    1469732977.292015, 7.939552, 0.471240, VALID
1418    1469732977.304424, 7.960631, 0.479967, VALID
1419    1469732977.317524, 7.980676, 0.488693, VALID
1420    1469732977.331477, 7.989513, 0.497420, VALID
1421    1469732977.344640, 8.001534, 0.488693, VALID
1422    1469732977.358586, 8.036002, 0.479967, VALID
1423    1469732977.370693, 8.035398, 0.471240, VALID
1424    1469732977.384444, 8.055884, 0.497420, VALID
1425    1469732977.397506, 8.056815, 0.488693, VALID
1426    1469732977.410689, 8.070725, 0.479967, VALID
1427    1469732977.425479, 8.090759, 0.471240, VALID
1428    1469732977.438624, 8.091763, 0.479967, VALID
1429    1469732977.451489, 8.101281, 0.471240, VALID
1430    1469732977.464468, 8.126734, 0.479967, VALID
1431    1469732977.477456, 8.125314, 0.471240, VALID
1432    1469732977.490542, 8.147840, 0.479967, VALID
1433    1469732977.504437, 8.153461, 0.471240, VALID
1434    1469732977.518462, 8.165670, 0.479967, VALID
1435    1469732977.532422, 8.164031, 0.471240, VALID
1436    1469732977.544451, 8.186816, 0.479967, VALID
1437    1469732977.558454, 8.188824, 0.523600, VALID
1438    1469732977.570532, 8.191520, 0.479967, VALID
1439    1469732977.584484, 8.189734, 0.471240, VALID
1440    1469732977.597701, 8.202104, 0.479967, VALID
1441    1469732977.610442, 8.212671, 0.471240, VALID
1442    1469732977.623521, 8.214515, 0.479967, VALID
1443    1469732977.637646, 8.212671, 0.471240, VALID
1444    1469732977.650473, 8.231247, 0.462513, VALID
1445    1469732977.664506, 8.223260, 0.471240, VALID
1446    1469732977.677504, 8.235700, 0.479967, VALID
1447    1469732977.691562, 8.233851, 0.471240, VALID
1448    1469732977.704449, 8.241836, 0.462513, VALID
1449    1469732977.718529, 8.244445, 0.471240, VALID
1450    1469732977.731501, 8.256890, 0.479967, VALID
1451    1469732977.745480, 8.244445, 0.471240, VALID
1452    1469732977.758540, 8.252428, 0.462513, VALID
1453    1469732977.770548, 8.244445, 0.471240, VALID
1454    1469732977.784520, 8.256890, 0.479967, VALID
1455    1469732977.798471, 8.254459, 0.523600, VALID
1456    1469732977.811452, 8.265614, 0.462513, VALID
1457    1469732977.825125, 8.247043, 0.523600, VALID
1458    1469732977.837128, 8.265614, 0.462513, VALID
1459    1469732977.852044, 8.257644, 0.523600, VALID
1460    1469732977.864046, 8.265614, 0.462513, VALID
1461    1469732977.877121, 8.257644, 0.523600, VALID
1462    1469732977.891872, 8.265614, 0.462513, VALID
1463    1469732977.904010, 8.257644, 0.523600, VALID
1464    1469732977.918054, 8.265614, 0.462513, VALID
1465    1469732977.931036, 8.257710, 0.471240, VALID
1466    1469732977.944052, 8.255015, 0.462513, VALID
1467    1469732977.959169, 8.259638, 0.471240, VALID
1468    1469732977.972180, 8.256882, 0.462513, VALID
1469    1469732977.984078, 8.249035, 0.471240, VALID
1470    1469732977.998035, 8.246282, 0.462513, VALID
1471    1469732978.012057, 8.251695, 0.471240, VALID
1472    1469732978.025470, 8.248857, 0.462513, VALID
1473    1469732978.041201, 8.241088, 0.471240, VALID
1474    1469732978.052135, 8.248857, 0.462513, VALID
1475    1469732978.065049, 8.234890, 0.471240, VALID
1476    1469732978.078033, 8.242531, 0.462513, VALID
1477    1469732978.092366, 8.234890, 0.471240, VALID
1478    1469732978.106035, 8.244381, 0.462513, VALID
1479    1469732978.118105, 8.236796, 0.471240, VALID
1480    1469732978.131092, 8.254995, 0.462513, VALID
1481    1469732978.145092, 8.236796, 0.471240, VALID
1482    1469732978.159134, 8.246939, 0.462513, VALID
1483    1469732978.171048, 8.228813, 0.471240, VALID
1484    1469732978.186371, 8.236320, 0.462513, VALID
1485    1469732978.198059, 8.228813, 0.471240, VALID
1486    1469732978.211052, 8.225702, 0.462513, VALID
1487    1469732978.225134, 8.228813, 0.471240, VALID
1488    1469732978.238027, 8.225702, 0.462513, VALID
1489    1469732978.252081, 8.228813, 0.471240, VALID
1490    1469732978.265210, 8.223154, 0.462513, VALID
1491    1469732978.278046, 8.215567, 0.471240, VALID
1492    1469732978.291063, 8.212543, 0.462513, VALID
1493    1469732978.305161, 8.203058, 0.471240, VALID
1494    1469732978.318059, 8.200099, 0.462513, VALID
1495    1469732978.331043, 8.213667, 0.471240, VALID
1496    1469732978.343174, 8.200099, 0.462513, VALID
1497    1469732978.359079, 8.192450, 0.471240, VALID
1498    1469732978.370085, 8.200099, 0.462513, VALID
1499    1469732978.384153, 8.203058, 0.471240, VALID
1500    1469732978.397015, 8.200099, 0.462513, VALID
1501    1469732978.411779, 8.203058, 0.471240, VALID
1502    1469732978.424656, 8.200099, 0.462513, VALID
1503    1469732978.437551, 8.196396, 0.453787, VALID
1504    1469732978.450606, 8.200099, 0.462513, VALID
1505    1469732978.463700, 8.196396, 0.453787, VALID
1506    1469732978.476886, 8.200099, 0.462513, VALID
1507    1469732978.490707, 8.206998, 0.453787, VALID
1508    1469732978.505566, 8.210704, 0.462513, VALID
1509    1469732978.517612, 8.206998, 0.453787, VALID
1510    1469732978.530652, 8.210704, 0.462513, VALID
1511    1469732978.544692, 8.196670, 0.506146, VALID
1512    1469732978.559839, 8.213153, 0.445060, VALID
1513    1469732978.570568, 8.196670, 0.506146, VALID
1514    1469732978.584646, 8.207387, 0.497420, VALID
1515    1469732978.597591, 8.186059, 0.506146, VALID
1516    1469732978.610599, 8.207387, 0.497420, VALID
1517    1469732978.624809, 8.196670, 0.506146, VALID
1518    1469732978.638662, 8.196774, 0.497420, VALID
1519    1469732978.650598, 8.207283, 0.506146, VALID
1520    1469732978.663647, 8.207387, 0.497420, VALID
1521    1469732978.678586, 8.217898, 0.506146, VALID
1522    1469732978.690629, 8.218000, 0.497420, VALID
1523    1469732978.705987, 8.228516, 0.506146, VALID
1524    1469732978.717597, 8.218000, 0.497420, VALID
1525    1469732978.730600, 8.228516, 0.506146, VALID
1526    1469732978.744605, 8.228617, 0.497420, VALID
1527    1469732978.757608, 8.236152, 0.506146, VALID
1528    1469732978.770581, 8.246953, 0.497420, VALID
1529    1469732978.784586, 8.236152, 0.506146, VALID
1530    1469732978.797607, 8.257568, 0.497420, VALID
1531    1469732978.810582, 8.268000, 0.506146, VALID
1532    1469732978.825056, 8.278805, 0.497420, VALID
1533    1469732978.837636, 8.278207, 0.488693, VALID
1534    1469732978.850819, 8.300049, 0.497420, VALID
1535    1469732978.864606, 8.288826, 0.488693, VALID
1536    1469732978.877601, 8.310673, 0.497420, VALID
1537    1469732978.890588, 8.310071, 0.488693, VALID
1538    1469732978.905588, 8.331927, 0.497420, VALID
1539    1469732978.917599, 8.331322, 0.488693, VALID
1540    1469732978.930558, 8.353188, 0.497420, VALID
1541    1469732978.944639, 8.373843, 0.488693, VALID
1542    1469732978.957616, 8.383104, 0.497420, VALID
1543    1469732978.970743, 8.393182, 0.488693, VALID
1544    1469732978.984622, 8.413105, 0.479967, VALID
1545    1469732978.997864, 8.414452, 0.488693, VALID
1546    1469732979.010546, 8.426646, 0.479967, VALID
1547    1469732979.023635, 8.427758, 0.488693, VALID
1548    1469732979.037642, 8.437270, 0.479967, VALID
1549    1469732979.051594, 8.470269, 0.488693, VALID
1550    1469732979.063586, 8.462289, 0.479967, VALID
1551    1469732979.077616, 8.484435, 0.488693, VALID
1552    1469732979.090600, 8.494144, 0.479967, VALID
1553    1469732979.104740, 8.506138, 0.488693, VALID
1554    1469732979.116785, 8.516130, 0.479967, VALID
1555    1469732979.131570, 8.537964, 0.488693, VALID
1556    1469732979.144832, 8.558568, 0.479967, VALID
1557    1469732979.158620, 8.560947, 0.471240, VALID
1558    1469732979.170638, 8.582985, 0.479967, VALID
1559    1469732979.184563, 8.582111, 0.471240, VALID
1560    1469732979.197578, 8.593571, 0.479967, VALID
1561    1469732979.210680, 8.596310, 0.471240, VALID
1562    1469732979.224029, 8.610737, 0.445060, VALID
1563    1469732979.237592, 8.603188, 0.453787, VALID
1564    1469732979.250616, 8.610737, 0.445060, VALID
1565    1469732979.264848, 8.618825, 0.401427, VALID
1566    1469732979.277631, 8.625338, 0.410153, VALID
1567    1469732979.291730, 8.650423, 0.401427, VALID
1568    1469732979.305612, 8.665137, 0.410153, VALID
1569    1469732979.317614, 8.679996, 0.436333, VALID
1570    1469732979.330615, 8.696754, 0.410153, VALID
1571    1469732979.344808, 8.721890, 0.401427, VALID
1572    1469732979.358590, 8.728518, 0.427607, VALID
1573    1469732979.370641, 8.743975, 0.401427, VALID
1574    1469732979.384548, 8.768645, 0.392700, VALID
1575    1469732979.397553, 8.795634, 0.436333, VALID
1576    1469732979.410589, 8.827569, 0.445060, VALID
1577    1469732979.424625, 8.856207, 0.436333, VALID
1578    1469732979.437716, 8.905122, 0.462513, VALID
1579    1469732979.450622, 8.926873, 0.471240, VALID
1580    1469732979.463592, 8.961035, 0.462513, VALID
1581    1469732979.478642, 8.982918, 0.471240, VALID
1582    1469732979.490748, 8.992772, 0.462513, VALID
1583    1469732979.505617, 9.014669, 0.471240, VALID
1584    1469732979.517904, 9.045694, 0.462513, VALID
1585    1469732979.531604, 9.067616, 0.471240, VALID
1586    1469732979.544622, 9.088057, 0.462513, VALID
1587    1469732979.559651, 9.120459, 0.453787, VALID
1588    1469732979.571604, 9.132719, 0.462513, VALID
1589    1469732979.584636, 9.162859, 0.453787, VALID
1590    1469732979.597589, 9.175140, 0.462513, VALID
1591    1469732979.611748, 9.194673, 0.453787, VALID
1592    1469732979.624577, 9.238811, 0.462513, VALID
1593    1469732979.637630, 9.258334, 0.453787, VALID
1594    1469732979.650615, 9.302530, 0.462513, VALID
1595    1469732979.665648, 9.322042, 0.453787, VALID
1596    1469732979.678597, 9.361007, 0.392700, VALID
1597    1469732979.690859, 9.391627, 0.418880, VALID
1598    1469732979.705583, 9.403311, 0.392700, VALID
1599    1469732979.718691, 9.431991, 0.401427, VALID
1600    1469732979.731638, 9.449324, 0.410153, VALID
1601    1469732979.744868, 9.463765, 0.401427, VALID
1602    1469732979.758556, 9.502340, 0.410153, VALID
1603    1469732979.771584, 9.527339, 0.401427, VALID
1604    1469732979.784587, 9.544771, 0.410153, VALID
1605    1469732979.797574, 9.572041, 0.418880, VALID
1606    1469732979.811689, 9.587217, 0.410153, VALID
1607    1469732979.825695, 9.617111, 0.383973, VALID
1608    1469732979.837602, 9.636231, 0.392700, VALID
1609    1469732979.851582, 9.659453, 0.383973, VALID
1610    1469732979.864605, 9.678625, 0.392700, VALID
1611    1469732979.877753, 9.691216, 0.383973, VALID
1612    1469732979.891721, 9.713087, 0.445060, VALID
1613    1469732979.904563, 9.733581, 0.383973, VALID
1614    1469732979.917632, 9.767782, 0.410153, VALID
1615    1469732979.932630, 9.765362, 0.383973, VALID
1616    1469732979.944877, 9.810308, 0.410153, VALID
1617    1469732979.958641, 9.828943, 0.383973, VALID
1618    1469732979.970692, 9.848334, 0.392700, VALID
1619    1469732979.984600, 9.877572, 0.401427, VALID
1620    1469732979.997562, 9.912028, 0.392700, VALID
1621    1469732980.011797, 9.920089, 0.401427, VALID
1622    1469732980.024614, 9.954508, 0.392700, VALID
1623    1469732980.038663, 9.973254, 0.401427, VALID
1624    1469732980.051666, 9.990635, 0.445060, VALID
1625    1469732980.064589, 10.005165, 0.401427, VALID
1626    1469732980.077629, 10.033807, 0.410153, VALID
1627    1469732980.091569, 10.047724, 0.401427, VALID
1628    1469732980.105700, 10.071392, 0.392700, VALID
1629    1469732980.117566, 10.090295, 0.401427, VALID
1630    1469732980.132589, 10.113918, 0.392700, VALID
1631    1469732980.144776, 10.132880, 0.401427, VALID
1632    1469732980.158628, 10.159172, 0.392700, VALID
1633    1469732980.171617, 10.178317, 0.401427, VALID
1634    1469732980.184725, 10.196655, 0.410153, VALID
1635    1469732980.197639, 10.220943, 0.401427, VALID
1636    1469732980.211624, 10.241572, 0.392700, VALID
1637    1469732980.224606, 10.260715, 0.401427, VALID
1638    1469732980.237576, 10.284148, 0.392700, VALID
1639    1469732980.251584, 10.314014, 0.401427, VALID
1640    1469732980.264619, 10.337385, 0.392700, VALID
1641    1469732980.278651, 10.356668, 0.401427, VALID
1642    1469732980.291548, 10.369336, 0.392700, VALID
1643    1469732980.305732, 10.399334, 0.401427, VALID
1644    1469732980.317770, 10.401294, 0.392700, VALID
1645    1469732980.332974, 10.442013, 0.401427, VALID
1646    1469732980.344670, 10.443914, 0.392700, VALID
1647    1469732980.358601, 10.476970, 0.401427, VALID
1648    1469732980.371653, 10.489366, 0.392700, VALID
1649    1469732980.384563, 10.519685, 0.401427, VALID
1650    1469732980.398792, 10.532022, 0.392700, VALID
1651    1469732980.412626, 10.573096, 0.401427, VALID
1652    1469732980.424622, 10.574691, 0.392700, VALID
1653    1469732980.438716, 10.594467, 0.401427, VALID
1654    1469732980.450629, 10.617371, 0.392700, VALID
1655    1469732980.466144, 10.647904, 0.401427, VALID
1656    1469732980.478858, 10.670736, 0.392700, VALID
1657    1469732980.491629, 10.690668, 0.401427, VALID
1658    1469732980.505767, 10.707549, 0.392700, VALID
1659    1469732980.518600, 10.738461, 0.401427, VALID
1660    1469732980.531675, 10.750284, 0.392700, VALID
1661    1469732980.545590, 10.770569, 0.401427, VALID
1662    1469732980.558680, 10.795112, 0.392700, VALID
1663    1469732980.570596, 10.815571, 0.401427, VALID
1664    1469732980.584677, 10.827186, 0.392700, VALID
1665    1469732980.598602, 10.858412, 0.401427, VALID
1666    1469732980.611644, 10.872855, 0.392700, VALID
1667    1469732980.625561, 10.904303, 0.401427, VALID
1668    1469732980.638562, 10.926351, 0.392700, VALID
1669    1469732980.651679, 10.936459, 0.401427, VALID
1670    1469732980.664872, 10.963300, 0.392700, VALID
1671    1469732980.679585, 10.994791, 0.383973, VALID
1672    1469732980.691577, 10.995425, 0.392700, VALID
1673    1469732980.705657, 11.040275, 0.401427, VALID
1674    1469732980.718636, 11.051087, 0.392700, VALID
1675    1469732980.732619, 11.082341, 0.383973, VALID
1676    1469732980.745570, 11.093951, 0.392700, VALID
1677    1469732980.758555, 11.118488, 0.401427, VALID
1678    1469732980.770608, 11.129031, 0.392700, VALID
1679    1469732980.785577, 11.161459, 0.401427, VALID
1680    1469732980.797688, 11.182648, 0.392700, VALID
1681    1469732980.811622, 11.198808, 0.401427, VALID
1682    1469732980.825631, 11.219712, 0.392700, VALID
1683    1469732980.838627, 11.239614, 0.383973, VALID
1684    1469732980.853564, 11.273375, 0.392700, VALID
1685    1469732980.866233, 11.281145, 0.383973, VALID
1686    1469732980.878193, 11.293998, 0.392700, VALID
1687    1469732980.892193, 11.313308, 0.383973, VALID
1688    1469732980.905297, 11.359577, 0.392700, VALID
1689    1469732980.918230, 11.367469, 0.383973, VALID
1690    1469732980.932338, 11.381089, 0.392700, VALID
1691    1469732980.945430, 11.410399, 0.383973, VALID
1692    1469732980.959338, 11.436602, 0.392700, VALID
1693    1469732980.972295, 11.439312, 0.401427, VALID
1694    1469732980.986546, 11.468910, 0.392700, VALID
1695    1469732980.999431, 11.475948, 0.383973, VALID
1696    1469732981.012337, 11.492332, 0.392700, VALID
1697    1469732981.025316, 11.488475, 0.383973, VALID
1698    1469732981.038346, 11.513877, 0.392700, VALID
1699    1469732981.052336, 11.531461, 0.383973, VALID
1700    1469732981.065362, 11.549019, 0.392700, VALID
1701    1469732981.078295, 11.555631, 0.383973, VALID
1702    1469732981.092348, 11.581350, 0.392700, VALID
1703    1469732981.105356, 11.585203, 0.383973, VALID
1704    1469732981.118380, 11.589299, 0.392700, VALID
1705    1469732981.132306, 11.606703, 0.383973, VALID
1706    1469732981.145393, 11.612358, 0.375247, VALID
1707    1469732981.159321, 11.617171, 0.383973, VALID
1708    1469732981.172352, 11.612655, 0.375247, VALID
1709    1469732981.185318, 11.628606, 0.366520, VALID
1710    1469732981.198326, 11.634089, 0.375247, VALID
1711    1469732981.212359, 11.641588, 0.366520, VALID
1712    1469732981.225292, 11.646620, 0.375247, VALID
1713    1469732981.238311, 11.661471, 0.383973, VALID
1714    1469732981.252401, 11.668046, 0.375247, VALID
1715    1469732981.265458, 11.684089, 0.383973, VALID
1716    1469732981.278332, 11.691094, 0.375247, VALID
1717    1469732981.292380, 11.694822, 0.383973, VALID
1718    1469732981.305350, 11.708831, 0.392700, VALID
1719    1469732981.318425, 11.706511, 0.383973, VALID
1720    1469732981.333333, 11.719584, 0.392700, VALID
1721    1469732981.345321, 11.717237, 0.383973, VALID
1722    1469732981.359548, 11.727261, 0.392700, VALID
1723    1469732981.372501, 11.725045, 0.383973, VALID
1724    1469732981.385329, 11.738011, 0.392700, VALID
1725    1469732981.399366, 11.735771, 0.383973, VALID
1726    1469732981.413543, 11.753886, 0.392700, VALID
1727    1469732981.426331, 11.762097, 0.383973, VALID
1728    1469732981.438707, 11.764642, 0.392700, VALID
1729    1469732981.453304, 11.772829, 0.383973, VALID
1730    1469732981.465345, 11.785716, 0.392700, VALID
1731    1469732981.479327, 11.782621, 0.383973, VALID
1732    1469732981.492331, 11.785716, 0.392700, VALID
1733    1469732981.505559, 11.801114, 0.383973, VALID
1734    1469732981.520389, 11.804657, 0.392700, VALID
1735    1469732981.533337, 11.801114, 0.383973, VALID
1736    1469732981.545346, 11.804657, 0.392700, VALID
1737    1469732981.559301, 11.836740, 0.383973, VALID
1738    1469732981.572321, 11.831421, 0.375247, VALID
1739    1469732981.585423, 11.836740, 0.383973, VALID
1740    1469732981.599332, 11.851906, 0.392700, VALID
1741    1469732981.613328, 11.857078, 0.401427, VALID
1742    1469732981.626302, 11.852989, 0.392700, VALID
1743    1469732981.638417, 11.846261, 0.401427, VALID
1744    1469732981.652329, 11.863779, 0.392700, VALID
1745    1469732981.666453, 11.865064, 0.401427, VALID
1746    1469732981.678406, 11.871348, 0.392700, VALID
1747    1469732981.692340, 11.865064, 0.401427, VALID
1748    1469732981.705322, 11.867243, 0.392700, VALID
1749    1469732981.719326, 11.872128, 0.401427, VALID
1750    1469732981.733292, 11.867243, 0.392700, VALID
1751    1469732981.745408, 11.872128, 0.401427, VALID
1752    1469732981.759336, 11.872012, 0.392700, VALID
1753    1469732981.772349, 11.876693, 0.383973, VALID
1754    1469732981.785336, 11.850413, 0.392700, VALID
1755    1469732981.799331, 11.877171, 0.401427, VALID
1756    1469732981.813289, 11.863960, 0.392700, VALID
1757    1469732981.826321, 11.890059, 0.383973, VALID
1758    1469732981.839305, 11.863960, 0.392700, VALID
1759    1469732981.853330, 11.868516, 0.383973, VALID
1760    1469732981.865493, 11.879312, 0.392700, VALID
1761    1469732981.880312, 11.872805, 0.383973, VALID
1762    1469732981.893457, 11.857705, 0.392700, VALID
1763    1469732981.906339, 11.863878, 0.383973, VALID
1764    1469732981.919323, 11.848858, 0.392700, VALID
1765    1469732981.933316, 11.842333, 0.383973, VALID
1766    1469732981.946343, 11.848858, 0.392700, VALID
1767    1469732981.959323, 11.831560, 0.383973, VALID
1768    1469732981.972389, 11.816449, 0.392700, VALID
1769    1469732981.986320, 11.820789, 0.383973, VALID
1770    1469732981.999296, 11.827250, 0.392700, VALID
1771    1469732982.013479, 11.831560, 0.383973, VALID
1772    1469732982.026383, 11.816449, 0.392700, VALID
1773    1469732982.040590, 11.811124, 0.401427, VALID
1774    1469732982.053340, 11.805646, 0.392700, VALID
1775    1469732982.066258, 11.797405, 0.383973, VALID
1776    1469732982.079300, 11.782091, 0.392700, VALID
1777    1469732982.092319, 11.797405, 0.383973, VALID
1778    1469732982.106450, 11.762439, 0.392700, VALID
1779    1469732982.119344, 11.777703, 0.383973, VALID
1780    1469732982.133308, 11.751637, 0.392700, VALID
1781    1469732982.146367, 11.756162, 0.383973, VALID
1782    1469732982.159307, 11.726496, 0.392700, VALID
1783    1469732982.173490, 11.742985, 0.401427, VALID
1784    1469732982.187573, 11.715693, 0.392700, VALID
1785    1469732982.199320, 11.710483, 0.401427, VALID
1786    1469732982.213326, 11.694086, 0.392700, VALID
1787    1469732982.226452, 11.698381, 0.383973, VALID
1788    1469732982.240338, 11.683284, 0.392700, VALID
1789    1469732982.253602, 11.667150, 0.401427, VALID
1790    1469732982.266301, 11.657112, 0.392700, VALID
1791    1469732982.279313, 11.640662, 0.401427, VALID
1792    1469732982.293310, 11.646313, 0.392700, VALID
1793    1469732982.306351, 11.616168, 0.383973, VALID
1794    1469732982.320371, 11.622049, 0.392700, VALID
1795    1469732982.333555, 11.583869, 0.383973, VALID
1796    1469732982.346323, 11.566442, 0.375247, VALID
1797    1469732982.360360, 11.551573, 0.383973, VALID
1798    1469732982.372475, 11.550463, 0.357794, VALID
1799    1469732982.386340, 11.540808, 0.383973, VALID
1800    1469732982.400774, 11.512769, 0.375247, VALID
1801    1469732982.414286, 11.511018, 0.383973, VALID
1802    1469732982.426341, 11.504392, 0.375247, VALID
1803    1469732982.439385, 11.496881, 0.366520, VALID
1804    1469732982.452300, 11.482922, 0.375247, VALID
1805    1469732982.466452, 11.467958, 0.383973, VALID
1806    1469732982.480235, 11.456477, 0.357794, VALID
1807    1469732982.493062, 11.436681, 0.349067, VALID
1808    1469732982.506030, 11.429252, 0.375247, VALID
1809    1469732982.520112, 11.421956, 0.366520, VALID
1810    1469732982.533066, 11.418520, 0.375247, VALID
1811    1469732982.547132, 11.392618, 0.383973, VALID
1812    1469732982.560088, 11.375589, 0.375247, VALID
1813    1469732982.573116, 11.362199, 0.349067, VALID
1814    1469732982.587023, 11.349759, 0.357794, VALID
1815    1469732982.600022, 11.338812, 0.383973, VALID
1816    1469732982.613050, 11.323484, 0.375247, VALID
1817    1469732982.626454, 11.316395, 0.366520, VALID
1818    1469732982.640063, 11.302022, 0.375247, VALID
1819    1469732982.653055, 11.297418, 0.383973, VALID
1820    1469732982.666998, 11.263071, 0.375247, VALID
1821    1469732982.679045, 11.266623, 0.366520, VALID
1822    1469732982.692015, 11.258583, 0.357794, VALID
1823    1469732982.706331, 11.237070, 0.383973, VALID
1824    1469732982.718998, 11.209416, 0.375247, VALID
1825    1469732982.732028, 11.194032, 0.383973, VALID
1826    1469732982.745026, 11.198686, 0.375247, VALID
1827    1469732982.758975, 11.182245, 0.436333, VALID
1828    1469732982.772042, 11.153883, 0.357794, VALID
1829    1469732982.786042, 11.149484, 0.436333, VALID
1830    1469732982.799052, 11.136584, 0.375247, VALID
1831    1469732982.812061, 11.105812, 0.436333, VALID
1832    1469732982.825114, 11.105440, 0.445060, VALID
1833    1469732982.839041, 11.083980, 0.436333, VALID
1834    1469732982.852159, 11.072213, 0.375247, VALID
1835    1469732982.866042, 11.062152, 0.436333, VALID
1836    1469732982.878982, 11.039810, 0.445060, VALID
1837    1469732982.892011, 11.035085, 0.383973, VALID
1838    1469732982.905016, 11.007007, 0.445060, VALID
1839    1469732982.919204, 11.002821, 0.383973, VALID
1840    1469732982.932031, 10.983180, 0.357794, VALID
1841    1469732982.946055, 10.970561, 0.383973, VALID
1842    1469732982.959006, 10.943638, 0.445060, VALID
1843    1469732982.972068, 10.939887, 0.383973, VALID
1844    1469732982.986136, 10.910850, 0.445060, VALID
1845    1469732982.999297, 10.896879, 0.383973, VALID
1846    1469732983.012013, 10.883740, 0.445060, VALID
1847    1469732983.025141, 10.879426, 0.383973, VALID
1848    1469732983.039049, 10.850949, 0.445060, VALID
1849    1469732983.052042, 10.849418, 0.453787, VALID
1850    1469732983.065162, 10.827011, 0.445060, VALID
1851    1469732983.079078, 10.831976, 0.383973, VALID
1852    1469732983.092101, 10.783276, 0.445060, VALID
1853    1469732983.105008, 10.808248, 0.401427, VALID
1854    1469732983.119099, 10.774364, 0.445060, VALID
1855    1469732983.133030, 10.776666, 0.383973, VALID
1856    1469732983.145614, 10.730595, 0.445060, VALID
1857    1469732983.158402, 10.754289, 0.349067, VALID
1858    1469732983.171429, 10.722454, 0.445060, VALID
1859    1469732983.185704, 10.732615, 0.383973, VALID
1860    1469732983.198464, 10.700549, 0.445060, VALID
1861    1469732983.213693, 10.691023, 0.383973, VALID
1862    1469732983.225427, 10.658808, 0.445060, VALID
1863    1469732983.239410, 10.666255, 0.366520, VALID
1864    1469732983.252591, 10.636910, 0.445060, VALID
1865    1469732983.265455, 10.617959, 0.453787, VALID
1866    1469732983.279414, 10.596887, 0.445060, VALID
1867    1469732983.292428, 10.596033, 0.453787, VALID
1868    1469732983.306382, 10.569687, 0.445060, VALID
1869    1469732983.319405, 10.568562, 0.453787, VALID
1870    1469732983.333443, 10.515042, 0.445060, VALID
1871    1469732983.345374, 10.524753, 0.453787, VALID
1872    1469732983.360431, 10.495240, 0.445060, VALID
1873    1469732983.372401, 10.499194, 0.366520, VALID
1874    1469732983.372401, 10.499194, 0.366520, VALID
