0    1464815431.065119, 17.949999, 0.087268, UNDEFINED
1    1464815431.079490, 17.940001, 0.095994, VALID
2    1464815431.091339, 17.920000, 0.087268, VALID
3    1464815431.106168, 17.920000, 0.095994, VALID
4    1464815431.119262, 17.910000, 0.087268, VALID
5    1464815431.131545, 17.920000, 0.078541, VALID
6    1464815431.146970, 17.920000, 0.087268, FILTERED
7    1464815431.159341, 17.920000, 0.095994, VALID
8    1464815431.172247, 17.940001, 0.087268, VALID
9    1464815431.186298, 17.910000, 0.095994, VALID
10    1464815431.198104, 17.910000, 0.087268, VALID
11    1464815431.212958, 17.910000, 0.095994, VALID
12    1464815431.225293, 17.920000, 0.087268, VALID
13    1464815431.238455, 17.910000, 0.095994, VALID
14    1464815431.251195, 17.910000, 0.087268, VALID
15    1464815431.266164, 17.920000, 0.095994, VALID
16    1464815431.279659, 17.920000, 0.087268, VALID
17    1464815431.291466, 17.917273, 0.095994, FILTERED
18    1464815431.306285, 17.910000, 0.087268, VALID
19    1464815431.318206, 17.910000, 0.095994, VALID
20    1464815431.332167, 17.920000, 0.087268, VALID
21    1464815431.345343, 17.940001, 0.095994, VALID
22    1464815431.359361, 17.920000, 0.087268, VALID
23    1464815431.372367, 17.910000, 0.095994, VALID
24    1464815431.386241, 17.940001, 0.087268, VALID
25    1464815431.399291, 17.920000, 0.095994, VALID
26    1464815431.411279, 17.900000, 0.087268, VALID
27    1464815431.425250, 17.900000, 0.095994, VALID
28    1464815431.438312, 17.919091, 0.087268, FILTERED
29    1464815431.453385, 17.920000, 0.095994, VALID
30    1464815431.465454, 17.920000, 0.087268, VALID
31    1464815431.480265, 17.920000, 0.095994, VALID
32    1464815431.493268, 17.940001, 0.087268, VALID
33    1464815431.506319, 17.920000, 0.095994, VALID
34    1464815431.518223, 17.910000, 0.087268, VALID
35    1464815431.533212, 17.920000, 0.095994, VALID
36    1464815431.546267, 17.920000, 0.087268, VALID
37    1464815431.559054, 17.910000, 0.095994, VALID
38    1464815431.573202, 17.920000, 0.087268, VALID
39    1464815431.586469, 17.914545, 0.095994, FILTERED
40    1464815431.599665, 17.910000, 0.087268, VALID
41    1464815431.614368, 17.920000, 0.095994, VALID
42    1464815431.626419, 17.910000, 0.087268, VALID
43    1464815431.638271, 17.910000, 0.095994, VALID
44    1464815431.653377, 17.910000, 0.087268, VALID
45    1464815431.665262, 17.920000, 0.078541, VALID
46    1464815431.679171, 17.910000, 0.087268, VALID
47    1464815431.692260, 17.900000, 0.095994, VALID
48    1464815431.706730, 17.920000, 0.087268, VALID
49    1464815431.720150, 17.900000, 0.095994, VALID
50    1464815431.733162, 17.911818, 0.087268, FILTERED
51    1464815431.745319, 17.910000, 0.095994, VALID
52    1464815431.760238, 17.940001, 0.087268, VALID
53    1464815431.772173, 17.910000, 0.095994, VALID
54    1464815431.785366, 17.910000, 0.087268, VALID
55    1464815431.799215, 17.910000, 0.095994, VALID
56    1464815431.813179, 17.910000, 0.087268, VALID
57    1464815431.825178, 17.910000, 0.095994, VALID
58    1464815431.841805, 17.920000, 0.087268, VALID
59    1464815431.853265, 17.910000, 0.095994, VALID
60    1464815431.865124, 17.910000, 0.087268, VALID
61    1464815431.879323, 17.905454, 0.095994, FILTERED
62    1464815431.893139, 17.900000, 0.087268, VALID
63    1464815431.905262, 17.900000, 0.095994, VALID
64    1464815431.921255, 17.889999, 0.087268, VALID
65    1464815431.932328, 17.910000, 0.078541, VALID
66    1464815431.947240, 17.889999, 0.087268, VALID
67    1464815431.959311, 17.910000, 0.095994, VALID
68    1464815431.976176, 17.910000, 0.087268, VALID
69    1464815431.986139, 17.910000, 0.095994, VALID
70    1464815431.999245, 17.910000, 0.087268, VALID
71    1464815432.013277, 17.889999, 0.095994, VALID
72    1464815432.026167, 17.901818, 0.087268, FILTERED
73    1464815432.039662, 17.889999, 0.095994, VALID
74    1464815432.053227, 17.910000, 0.087268, VALID
75    1464815432.067056, 17.879999, 0.095994, VALID
76    1464815432.080744, 17.910000, 0.087268, VALID
77    1464815432.092313, 17.889999, 0.095994, VALID
78    1464815432.106333, 17.900000, 0.087268, VALID
79    1464815432.119278, 17.889999, 0.095994, VALID
80    1464815432.133329, 17.879999, 0.087268, VALID
81    1464815432.145580, 17.889999, 0.095994, VALID
82    1464815432.159392, 17.889999, 0.087268, VALID
83    1464815432.173585, 17.887272, 0.095994, FILTERED
84    1464815432.186323, 17.889999, 0.087268, VALID
85    1464815432.199382, 17.879999, 0.078541, VALID
86    1464815432.213693, 17.889999, 0.087268, VALID
87    1464815432.226867, 17.879999, 0.095994, VALID
88    1464815432.240447, 17.889999, 0.069814, VALID
89    1464815432.253429, 17.859999, 0.095994, VALID
90    1464815432.266263, 17.889999, 0.087268, VALID
91    1464815432.281310, 17.850000, 0.095994, VALID
92    1464815432.292999, 17.879999, 0.087268, VALID
93    1464815432.306192, 17.859999, 0.095994, VALID
94    1464815432.321311, 17.860000, 0.087268, FILTERED
95    1464815432.335810, 17.850000, 0.095994, VALID
96    1464815432.346400, 17.879999, 0.087268, VALID
97    1464815432.361048, 17.840000, 0.095994, VALID
98    1464815432.373625, 17.830000, 0.087268, VALID
99    1464815432.388485, 17.850000, 0.078541, VALID
100    1464815432.399651, 17.830000, 0.087268, VALID
101    1464815432.411525, 17.830000, 0.095994, VALID
102    1464815432.425472, 17.830000, 0.087268, VALID
103    1464815432.439570, 17.840000, 0.078541, VALID
104    1464815432.452444, 17.830000, 0.087268, VALID
105    1464815432.466449, 17.827273, 0.095994, FILTERED
106    1464815432.479456, 17.830000, 0.087268, VALID
107    1464815432.492513, 17.830000, 0.095994, VALID
108    1464815432.506502, 17.809999, 0.087268, VALID
109    1464815432.519452, 17.820000, 0.095994, VALID
110    1464815432.533497, 17.820000, 0.087268, VALID
111    1464815432.546592, 17.799999, 0.095994, VALID
112    1464815432.560227, 17.789999, 0.087268, VALID
113    1464815432.571676, 17.799999, 0.095994, VALID
114    1464815432.586579, 17.789999, 0.087268, VALID
115    1464815432.600761, 17.799999, 0.095994, VALID
116    1464815432.613581, 17.783636, 0.087268, FILTERED
117    1464815432.627663, 17.779999, 0.095994, VALID
118    1464815432.639695, 17.779999, 0.087268, VALID
119    1464815432.653833, 17.770000, 0.095994, VALID
120    1464815432.665968, 17.760000, 0.087268, VALID
121    1464815432.679512, 17.760000, 0.095994, VALID
122    1464815432.693591, 17.770000, 0.087268, VALID
123    1464815432.705676, 17.760000, 0.095994, VALID
124    1464815432.719715, 17.760000, 0.087268, VALID
125    1464815432.732752, 17.750000, 0.095994, VALID
126    1464815432.746687, 17.730000, 0.087268, VALID
127    1464815432.758695, 17.737272, 0.095994, FILTERED
128    1464815432.773626, 17.740000, 0.087268, VALID
129    1464815432.785743, 17.730000, 0.095994, VALID
130    1464815432.799777, 17.719999, 0.087268, VALID
131    1464815432.812776, 17.699999, 0.095994, VALID
132    1464815432.827596, 17.719999, 0.087268, VALID
133    1464815432.839910, 17.709999, 0.095994, VALID
134    1464815432.852794, 17.709999, 0.087268, VALID
135    1464815432.867745, 17.699999, 0.095994, VALID
136    1464815432.879737, 17.690001, 0.087268, VALID
137    1464815432.893917, 17.680000, 0.095994, VALID
138    1464815432.906569, 17.683636, 0.087268, FILTERED
139    1464815432.918700, 17.670000, 0.095994, VALID
140    1464815432.932668, 17.690001, 0.087268, VALID
141    1464815432.946609, 17.670000, 0.095994, VALID
142    1464815432.961023, 17.680000, 0.087268, VALID
143    1464815432.973562, 17.650000, 0.095994, VALID
144    1464815432.985543, 17.650000, 0.087268, VALID
145    1464815432.998696, 17.639999, 0.095994, VALID
146    1464815433.013629, 17.650000, 0.087268, VALID
147    1464815433.026553, 17.639999, 0.078541, VALID
148    1464815433.040515, 17.619999, 0.087268, VALID
149    1464815433.052643, 17.619999, 0.095994, FILTERED
150    1464815433.065522, 17.619999, 0.087268, VALID
151    1464815433.079530, 17.600000, 0.095994, VALID
152    1464815433.092675, 17.619999, 0.087268, VALID
153    1464815433.106606, 17.570000, 0.095994, VALID
154    1464815433.119498, 17.590000, 0.087268, VALID
155    1464815433.133445, 17.559999, 0.095994, VALID
156    1464815433.145668, 17.590000, 0.069814, VALID
157    1464815433.160552, 17.549999, 0.095994, VALID
158    1464815433.172438, 17.529999, 0.087268, VALID
159    1464815433.187451, 17.539999, 0.095994, VALID
160    1464815433.200536, 17.533636, 0.069814, FILTERED
161    1464815433.212579, 17.520000, 0.095994, VALID
162    1464815433.226500, 17.510000, 0.087268, VALID
163    1464815433.240468, 17.510000, 0.095994, VALID
164    1464815433.252820, 17.520000, 0.087268, VALID
165    1464815433.265465, 17.490000, 0.095994, VALID
166    1464815433.280466, 17.500000, 0.087268, VALID
167    1464815433.293435, 17.480000, 0.095994, VALID
168    1464815433.306693, 17.480000, 0.087268, VALID
169    1464815433.320390, 17.449999, 0.095994, VALID
170    1464815433.333711, 17.480000, 0.069814, VALID
171    1464815433.347502, 17.451818, 0.095994, FILTERED
172    1464815433.362756, 17.459999, 0.087268, VALID
173    1464815433.373570, 17.430000, 0.078541, VALID
174    1464815433.388573, 17.430000, 0.087268, VALID
175    1464815433.399575, 17.410000, 0.095994, VALID
176    1464815433.413594, 17.410000, 0.087268, VALID
177    1464815433.427613, 17.389999, 0.095994, VALID
178    1464815433.440670, 17.389999, 0.087268, VALID
179    1464815433.453808, 17.369999, 0.095994, VALID
180    1464815433.466622, 17.359999, 0.087268, VALID
181    1464815433.479598, 17.340000, 0.095994, VALID
182    1464815433.492569, 17.348181, 0.087268, FILTERED
183    1464815433.506704, 17.340000, 0.095994, VALID
184    1464815433.519709, 17.340000, 0.087268, VALID
185    1464815433.532578, 17.320000, 0.095994, VALID
186    1464815433.546602, 17.330000, 0.087268, VALID
187    1464815433.559483, 17.299999, 0.095994, VALID
188    1464815433.572556, 17.320000, 0.087268, VALID
189    1464815433.587816, 17.270000, 0.095994, VALID
190    1464815433.599785, 17.289999, 0.069814, VALID
191    1464815433.612711, 17.250000, 0.095994, VALID
192    1464815433.626870, 17.270000, 0.087268, VALID
193    1464815433.640865, 17.247272, 0.095994, FILTERED
194    1464815433.652774, 17.250000, 0.087268, VALID
195    1464815433.666754, 17.209999, 0.095994, VALID
196    1464815433.680800, 17.219999, 0.087268, VALID
197    1464815433.693709, 17.199999, 0.095994, VALID
198    1464815433.706829, 17.190001, 0.087268, VALID
199    1464815433.720599, 17.180000, 0.095994, VALID
200    1464815433.734545, 17.190001, 0.087268, VALID
201    1464815433.747588, 17.170000, 0.095994, VALID
202    1464815433.760586, 17.160000, 0.087268, VALID
203    1464815433.774739, 17.139999, 0.095994, VALID
204    1464815433.786599, 17.138181, 0.087268, FILTERED
205    1464815433.800583, 17.119999, 0.095994, VALID
206    1464815433.812743, 17.109999, 0.087268, VALID
207    1464815433.826988, 17.109999, 0.095994, VALID
208    1464815433.841214, 17.109999, 0.087268, VALID
209    1464815433.853566, 17.080000, 0.095994, VALID
210    1464815433.866631, 17.090000, 0.087268, VALID
211    1464815433.882024, 17.059999, 0.095994, VALID
212    1464815433.892617, 17.049999, 0.087268, VALID
213    1464815433.906771, 17.039999, 0.095994, VALID
214    1464815433.920617, 17.039999, 0.087268, VALID
215    1464815433.933585, 17.025454, 0.095994, FILTERED
216    1464815433.946392, 17.020000, 0.087268, VALID
217    1464815433.960592, 17.020000, 0.078541, VALID
218    1464815433.975807, 16.990000, 0.087268, VALID
219    1464815433.986768, 16.990000, 0.095994, VALID
220    1464815433.999582, 16.980000, 0.087268, VALID
221    1464815434.013888, 16.959999, 0.095994, VALID
222    1464815434.028006, 16.969999, 0.087268, VALID
223    1464815434.041019, 16.949999, 0.095994, VALID
224    1464815434.053812, 16.940001, 0.087268, VALID
225    1464815434.067063, 16.920000, 0.095994, VALID
226    1464815434.080650, 16.915454, 0.087268, FILTERED
227    1464815434.093576, 16.910000, 0.095994, VALID
228    1464815434.107519, 16.900000, 0.087268, VALID
229    1464815434.119749, 16.879999, 0.095994, VALID
230    1464815434.133580, 16.869999, 0.087268, VALID
231    1464815434.151861, 16.840000, 0.095994, VALID
232    1464815434.160914, 16.859999, 0.087268, VALID
233    1464815434.173806, 16.830000, 0.095994, VALID
234    1464815434.186790, 16.830000, 0.087268, VALID
235    1464815434.200877, 16.809999, 0.095994, VALID
236    1464815434.213561, 16.789999, 0.087268, VALID
237    1464815434.227623, 16.789090, 0.095994, FILTERED
238    1464815434.243389, 16.779999, 0.087268, VALID
239    1464815434.253701, 16.750000, 0.095994, VALID
240    1464815434.266649, 16.770000, 0.087268, VALID
241    1464815434.279676, 16.740000, 0.095994, VALID
242    1464815434.293688, 16.740000, 0.087268, VALID
243    1464815434.307694, 16.719999, 0.078541, VALID
244    1464815434.320811, 16.730000, 0.087268, VALID
245    1464815434.332655, 16.709999, 0.095994, VALID
246    1464815434.347840, 16.699999, 0.087268, VALID
247    1464815434.360742, 16.680000, 0.095994, VALID
248    1464815434.373848, 16.672727, 0.087268, FILTERED
249    1464815434.387627, 16.650000, 0.095994, VALID
250    1464815434.399665, 16.650000, 0.087268, VALID
251    1464815434.414793, 16.639999, 0.095994, VALID
252    1464815434.426729, 16.650000, 0.069814, VALID
253    1464815434.440596, 16.609999, 0.095994, VALID
254    1464815434.454631, 16.619999, 0.087268, VALID
255    1464815434.466625, 16.580000, 0.095994, VALID
256    1464815434.479535, 16.590000, 0.087268, VALID
257    1464815434.494618, 16.559999, 0.095994, VALID
258    1464815434.506572, 16.549999, 0.087268, VALID
259    1464815434.519590, 16.540000, 0.095994, FILTERED
260    1464815434.534678, 16.539999, 0.087268, VALID
261    1464815434.547577, 16.500000, 0.095994, VALID
262    1464815434.560534, 16.510000, 0.087268, VALID
263    1464815434.573581, 16.480000, 0.095994, VALID
264    1464815434.587617, 16.480000, 0.087268, VALID
265    1464815434.599594, 16.459999, 0.095994, VALID
266    1464815434.613614, 16.459999, 0.087268, VALID
267    1464815434.632805, 16.430000, 0.095994, VALID
268    1464815434.641332, 16.430000, 0.087268, VALID
269    1464815434.654535, 16.420000, 0.095994, VALID
270    1464815434.667743, 16.405454, 0.087268, FILTERED
271    1464815434.679538, 16.389999, 0.095994, VALID
272    1464815434.694644, 16.389999, 0.087268, VALID
273    1464815434.706800, 16.350000, 0.095994, VALID
274    1464815434.721545, 16.369999, 0.087268, VALID
275    1464815434.733594, 16.340000, 0.095994, VALID
276    1464815434.746634, 16.340000, 0.087268, VALID
277    1464815434.760633, 16.320000, 0.095994, VALID
278    1464815434.773741, 16.289999, 0.087268, VALID
279    1464815434.787770, 16.279999, 0.095994, VALID
280    1464815434.800809, 16.279999, 0.087268, VALID
281    1464815434.814576, 16.263636, 0.095994, FILTERED
282    1464815434.825553, 16.260000, 0.087268, VALID
283    1464815434.840620, 16.230000, 0.095994, VALID
284    1464815434.853591, 16.230000, 0.087268, VALID
285    1464815434.866541, 16.209999, 0.095994, VALID
286    1464815434.881907, 16.199999, 0.087268, VALID
287    1464815434.895947, 16.190001, 0.095994, VALID
288    1464815434.907703, 16.170000, 0.087268, VALID
289    1464815434.920484, 16.160000, 0.095994, VALID
290    1464815434.933447, 16.129999, 0.087268, VALID
291    1464815434.947609, 16.129999, 0.095994, VALID
292    1464815434.961128, 16.120000, 0.087268, FILTERED
293    1464815434.975422, 16.109999, 0.095994, VALID
294    1464815434.986643, 16.100000, 0.087268, VALID
295    1464815435.001518, 16.080000, 0.095994, VALID
296    1464815435.013518, 16.080000, 0.087268, VALID
297    1464815435.027483, 16.039999, 0.095994, VALID
298    1464815435.042511, 16.059999, 0.087268, VALID
299    1464815435.053507, 16.020000, 0.095994, VALID
300    1464815435.068104, 16.020000, 0.087268, VALID
301    1464815435.081568, 15.990000, 0.095994, VALID
302    1464815435.093477, 15.990000, 0.087268, VALID
303    1464815435.107496, 15.971818, 0.095994, FILTERED
304    1464815435.121642, 15.960000, 0.087268, VALID
305    1464815435.133583, 15.929999, 0.095994, VALID
306    1464815435.147780, 15.940000, 0.087268, VALID
307    1464815435.161650, 15.900000, 0.095994, VALID
308    1464815435.174520, 15.910000, 0.087268, VALID
309    1464815435.187574, 15.889999, 0.095994, VALID
310    1464815435.201554, 15.889999, 0.087268, VALID
311    1464815435.213625, 15.849999, 0.095994, VALID
312    1464815435.228514, 15.839999, 0.087268, VALID
313    1464815435.241576, 15.830000, 0.095994, VALID
314    1464815435.254581, 15.816363, 0.087268, FILTERED
315    1464815435.267558, 15.799999, 0.095994, VALID
316    1464815435.280541, 15.799999, 0.087268, VALID
317    1464815435.293667, 15.759999, 0.095994, VALID
318    1464815435.311848, 15.770000, 0.087268, VALID
319    1464815435.319879, 15.730000, 0.095994, VALID
320    1464815435.332876, 15.719999, 0.087268, VALID
321    1464815435.346954, 15.710000, 0.095994, VALID
322    1464815435.360987, 15.690000, 0.087268, VALID
323    1464815435.374157, 15.679999, 0.095994, VALID
324    1464815435.386868, 15.670000, 0.087268, VALID
325    1464815435.401109, 15.647272, 0.095994, FILTERED
326    1464815435.414088, 15.639999, 0.087268, VALID
327    1464815435.426022, 15.610000, 0.095994, VALID
328    1464815435.439831, 15.599999, 0.087268, VALID
329    1464815435.453969, 15.580000, 0.095994, VALID
330    1464815435.468105, 15.580000, 0.087268, VALID
331    1464815435.479965, 15.540000, 0.095994, VALID
332    1464815435.494018, 15.559999, 0.087268, VALID
333    1464815435.507896, 15.530000, 0.095994, VALID
334    1464815435.520933, 15.530000, 0.087268, VALID
335    1464815435.533822, 15.490000, 0.095994, VALID
336    1464815435.548038, 15.480909, 0.087268, FILTERED
337    1464815435.560839, 15.460000, 0.095994, VALID
338    1464815435.574409, 15.450000, 0.087268, VALID
339    1464815435.588195, 15.410000, 0.095994, VALID
340    1464815435.602019, 15.429999, 0.087268, VALID
341    1464815435.614002, 15.400000, 0.095994, VALID
342    1464815435.627110, 15.389999, 0.087268, VALID
343    1464815435.641026, 15.360000, 0.095994, VALID
344    1464815435.655073, 15.360000, 0.087268, VALID
345    1464815435.667971, 15.309999, 0.095994, VALID
346    1464815435.681204, 15.320000, 0.087268, VALID
347    1464815435.693862, 15.297272, 0.095994, FILTERED
348    1464815435.707066, 15.290000, 0.087268, VALID
349    1464815435.721185, 15.259999, 0.095994, VALID
350    1464815435.734960, 15.259999, 0.087268, VALID
351    1464815435.746959, 15.210000, 0.095994, VALID
352    1464815435.761235, 15.219999, 0.087268, VALID
353    1464815435.773910, 15.210000, 0.095994, VALID
354    1464815435.788026, 15.200000, 0.087268, VALID
355    1464815435.801544, 15.179999, 0.095994, VALID
356    1464815435.813934, 15.170000, 0.087268, VALID
357    1464815435.828042, 15.130000, 0.095994, VALID
358    1464815435.841063, 15.130000, 0.087268, FILTERED
359    1464815435.855000, 15.110000, 0.095994, VALID
360    1464815435.867967, 15.120000, 0.069814, VALID
361    1464815435.879939, 15.070000, 0.095994, VALID
362    1464815435.894133, 15.059999, 0.087268, VALID
363    1464815435.907153, 15.049999, 0.095994, VALID
364    1464815435.921352, 15.030000, 0.087268, VALID
365    1464815435.934243, 15.009999, 0.095994, VALID
366    1464815435.948205, 15.000000, 0.087268, VALID
367    1464815435.960274, 14.980000, 0.078541, VALID
368    1464815435.974288, 14.969999, 0.087268, VALID
369    1464815435.987279, 14.944545, 0.095994, FILTERED
370    1464815436.001138, 14.929999, 0.087268, VALID
371    1464815436.014235, 14.910000, 0.095994, VALID
372    1464815436.027298, 14.900000, 0.087268, VALID
373    1464815436.041293, 14.870000, 0.095994, VALID
374    1464815436.054233, 14.860000, 0.087268, VALID
375    1464815436.066384, 14.839999, 0.095994, VALID
376    1464815436.081261, 14.839999, 0.087268, VALID
377    1464815436.094164, 14.820000, 0.095994, VALID
378    1464815436.107277, 14.809999, 0.087268, VALID
379    1464815436.121336, 14.770000, 0.095994, VALID
380    1464815436.134331, 14.766363, 0.087268, FILTERED
381    1464815436.148231, 14.740000, 0.095994, VALID
382    1464815436.161297, 14.740000, 0.087268, VALID
383    1464815436.174339, 14.719999, 0.078541, VALID
384    1464815436.187293, 14.710000, 0.087268, VALID
385    1464815436.201473, 14.679999, 0.095994, VALID
386    1464815436.214324, 14.660000, 0.087268, VALID
387    1464815436.228945, 14.639999, 0.095994, VALID
388    1464815436.241302, 14.630000, 0.087268, VALID
389    1464815436.254375, 14.610000, 0.095994, VALID
390    1464815436.267991, 14.599999, 0.087268, VALID
391    1464815436.282057, 14.581818, 0.095994, FILTERED
392    1464815436.293964, 14.570000, 0.087268, VALID
393    1464815436.308004, 14.549999, 0.095994, VALID
394    1464815436.321939, 14.540000, 0.087268, VALID
395    1464815436.334067, 14.509999, 0.095994, VALID
396    1464815436.349139, 14.509999, 0.087268, VALID
397    1464815436.360221, 14.469999, 0.095994, VALID
398    1464815436.374400, 14.469999, 0.087268, VALID
399    1464815436.387332, 14.429999, 0.095994, VALID
400    1464815436.400023, 14.440000, 0.087268, VALID
401    1464815436.413906, 14.420000, 0.078541, VALID
402    1464815436.428110, 14.396363, 0.087268, FILTERED
403    1464815436.441091, 14.380000, 0.095994, VALID
404    1464815436.458522, 14.380000, 0.087268, VALID
405    1464815436.467905, 14.340000, 0.095994, VALID
406    1464815436.481066, 14.330000, 0.087268, VALID
407    1464815436.494058, 14.299999, 0.095994, VALID
408    1464815436.507939, 14.299999, 0.087268, VALID
409    1464815436.521008, 14.290000, 0.095994, VALID
410    1464815436.534930, 14.270000, 0.087268, VALID
411    1464815436.547882, 14.250000, 0.095994, VALID
412    1464815436.562155, 14.250000, 0.087268, VALID
413    1464815436.574919, 14.222727, 0.095994, FILTERED
414    1464815436.587918, 14.210000, 0.087268, VALID
415    1464815436.600933, 14.190000, 0.095994, VALID
416    1464815436.614915, 14.179999, 0.087268, VALID
417    1464815436.628103, 14.160000, 0.095994, VALID
418    1464815436.641927, 14.139999, 0.087268, VALID
419    1464815436.660142, 14.099999, 0.095994, VALID
420    1464815436.668310, 14.110000, 0.087268, VALID
421    1464815436.680158, 14.080000, 0.095994, VALID
422    1464815436.695205, 14.070000, 0.087268, VALID
423    1464815436.708215, 14.040000, 0.095994, VALID
424    1464815436.720029, 14.036363, 0.087268, FILTERED
425    1464815436.734182, 14.020000, 0.095994, VALID
426    1464815436.748190, 14.009999, 0.087268, VALID
427    1464815436.761206, 13.980000, 0.095994, VALID
428    1464815436.774300, 13.980000, 0.087268, VALID
429    1464815436.787629, 13.950000, 0.095994, VALID
430    1464815436.801033, 13.940000, 0.087268, VALID
431    1464815436.815346, 13.920000, 0.095994, VALID
432    1464815436.827381, 13.910000, 0.087268, VALID
433    1464815436.841405, 13.880000, 0.095994, VALID
434    1464815436.854289, 13.880000, 0.087268, VALID
435    1464815436.869284, 13.858182, 0.095994, FILTERED
436    1464815436.881266, 13.849999, 0.087268, VALID
437    1464815436.895394, 13.820000, 0.095994, VALID
438    1464815436.908749, 13.820000, 0.087268, VALID
439    1464815436.920459, 13.780000, 0.095994, VALID
440    1464815436.934050, 13.790000, 0.069814, VALID
441    1464815436.954195, 13.740000, 0.095994, VALID
442    1464815436.961044, 13.740000, 0.087268, VALID
443    1464815436.975028, 13.730000, 0.095994, VALID
444    1464815436.991108, 13.710000, 0.087268, VALID
445    1464815437.001343, 13.690000, 0.095994, VALID
446    1464815437.014575, 13.673636, 0.087268, FILTERED
447    1464815437.029373, 13.670000, 0.095994, VALID
448    1464815437.042392, 13.650000, 0.087268, VALID
449    1464815437.054378, 13.610000, 0.095994, VALID
450    1464815437.068190, 13.610000, 0.087268, VALID
451    1464815437.084089, 13.580000, 0.095994, VALID
452    1464815437.094027, 13.580000, 0.087268, VALID
453    1464815437.107049, 13.549999, 0.095994, VALID
454    1464815437.122019, 13.549999, 0.087268, VALID
455    1464815437.133996, 13.530000, 0.095994, VALID
456    1464815437.147983, 13.509999, 0.087268, VALID
457    1464815437.161949, 13.490909, 0.095994, FILTERED
458    1464815437.174114, 13.480000, 0.087268, VALID
459    1464815437.189190, 13.450000, 0.095994, VALID
460    1464815437.202359, 13.450000, 0.087268, VALID
461    1464815437.214645, 13.410000, 0.095994, VALID
462    1464815437.227671, 13.410000, 0.087268, VALID
463    1464815437.241552, 13.380000, 0.095994, VALID
464    1464815437.254518, 13.370000, 0.087268, VALID
465    1464815437.266475, 13.340000, 0.095994, VALID
466    1464815437.281496, 13.349999, 0.087268, VALID
467    1464815437.293499, 13.309999, 0.095994, VALID
468    1464815437.308523, 13.298182, 0.087268, FILTERED
469    1464815437.321509, 13.280000, 0.095994, VALID
470    1464815437.334479, 13.280000, 0.087268, VALID
471    1464815437.347688, 13.240000, 0.095994, VALID
472    1464815437.361534, 13.230000, 0.087268, VALID
473    1464815437.374978, 13.210000, 0.095994, VALID
474    1464815437.388703, 13.200000, 0.087268, VALID
475    1464815437.401798, 13.160000, 0.095994, VALID
476    1464815437.415845, 13.150000, 0.087268, VALID
477    1464815437.428957, 13.130000, 0.095994, VALID
478    1464815437.441722, 13.120000, 0.087268, VALID
479    1464815437.454822, 13.098182, 0.095994, FILTERED
480    1464815437.469732, 13.080000, 0.087268, VALID
481    1464815437.481683, 13.059999, 0.095994, VALID
482    1464815437.494478, 13.049999, 0.087268, VALID
483    1464815437.508497, 13.030000, 0.095994, VALID
484    1464815437.521635, 13.009999, 0.087268, VALID
485    1464815437.534527, 12.980000, 0.095994, VALID
486    1464815437.547401, 12.980000, 0.087268, VALID
487    1464815437.561563, 12.950000, 0.095994, VALID
488    1464815437.575511, 12.940000, 0.087268, VALID
489    1464815437.588699, 12.929999, 0.095994, VALID
490    1464815437.600477, 12.902727, 0.087268, FILTERED
491    1464815437.614558, 12.889999, 0.095994, VALID
492    1464815437.628726, 12.880000, 0.087268, VALID
493    1464815437.641396, 12.840000, 0.095994, VALID
494    1464815437.654582, 12.830000, 0.087268, VALID
495    1464815437.667494, 12.809999, 0.095994, VALID
496    1464815437.680501, 12.790000, 0.087268, VALID
497    1464815437.695603, 12.780000, 0.095994, VALID
498    1464815437.708559, 12.759999, 0.087268, VALID
499    1464815437.720523, 12.740000, 0.095994, VALID
500    1464815437.734557, 12.719999, 0.087268, VALID
501    1464815437.748510, 12.702727, 0.095994, FILTERED
502    1464815437.761640, 12.690000, 0.087268, VALID
503    1464815437.774467, 12.650000, 0.095994, VALID
504    1464815437.788808, 12.650000, 0.087268, VALID
505    1464815437.800893, 12.630000, 0.095994, VALID
506    1464815437.815753, 12.620000, 0.087268, VALID
507    1464815437.827721, 12.570000, 0.095994, VALID
508    1464815437.841571, 12.570000, 0.087268, VALID
509    1464815437.855958, 12.540000, 0.095994, VALID
510    1464815437.868016, 12.550000, 0.087268, VALID
511    1464815437.881098, 12.509999, 0.095994, VALID
512    1464815437.895812, 12.490000, 0.087268, FILTERED
513    1464815437.907875, 12.460000, 0.095994, VALID
514    1464815437.921865, 12.460000, 0.087268, VALID
515    1464815437.936004, 12.429999, 0.095994, VALID
516    1464815437.950240, 12.420000, 0.087268, VALID
517    1464815437.961104, 12.400000, 0.095994, VALID
518    1464815437.976109, 12.380000, 0.087268, VALID
519    1464815437.988046, 12.349999, 0.095994, VALID
520    1464815438.002123, 12.340000, 0.087268, VALID
521    1464815438.015303, 12.309999, 0.095994, VALID
522    1464815438.029300, 12.309999, 0.087268, VALID
523    1464815438.041029, 12.281818, 0.095994, FILTERED
524    1464815438.055111, 12.270000, 0.087268, VALID
525    1464815438.068117, 12.250000, 0.078541, VALID
526    1464815438.082393, 12.230000, 0.087268, VALID
527    1464815438.096110, 12.210000, 0.078541, VALID
528    1464815438.108097, 12.179999, 0.087268, VALID
529    1464815438.121052, 12.160000, 0.095994, VALID
530    1464815438.135141, 12.150000, 0.087268, VALID
531    1464815438.148094, 12.110000, 0.095994, VALID
532    1464815438.162030, 12.120000, 0.087268, VALID
533    1464815438.175195, 12.070000, 0.095994, VALID
534    1464815438.187038, 12.062727, 0.087268, FILTERED
535    1464815438.203117, 12.030000, 0.095994, VALID
536    1464815438.215121, 12.030000, 0.087268, VALID
537    1464815438.228050, 12.000000, 0.095994, VALID
538    1464815438.242049, 11.990000, 0.087268, VALID
539    1464815438.256044, 11.960000, 0.095994, VALID
540    1464815438.270357, 11.940000, 0.087268, VALID
541    1464815438.282274, 11.910000, 0.095994, VALID
542    1464815438.294818, 11.900000, 0.087268, VALID
543    1464815438.307786, 11.880000, 0.095994, VALID
544    1464815438.321998, 11.860000, 0.087268, VALID
545    1464815438.336374, 11.843636, 0.095994, FILTERED
546    1464815438.348896, 11.830000, 0.087268, VALID
547    1464815438.361821, 11.800000, 0.095994, VALID
548    1464815438.375089, 11.800000, 0.087268, VALID
549    1464815438.388066, 11.770000, 0.095994, VALID
550    1464815438.402088, 11.740000, 0.087268, VALID
551    1464815438.415041, 11.719999, 0.095994, VALID
552    1464815438.429018, 11.719999, 0.087268, VALID
553    1464815438.442296, 11.670000, 0.095994, VALID
554    1464815438.455096, 11.670000, 0.087268, VALID
555    1464815438.469305, 11.650000, 0.095994, VALID
556    1464815438.481300, 11.627272, 0.087268, FILTERED
557    1464815438.495854, 11.599999, 0.095994, VALID
558    1464815438.509849, 11.590000, 0.087268, VALID
559    1464815438.521784, 11.559999, 0.095994, VALID
560    1464815438.534827, 11.559999, 0.087268, VALID
561    1464815438.548810, 11.520000, 0.095994, VALID
562    1464815438.561901, 11.530000, 0.087268, VALID
563    1464815438.574916, 11.490000, 0.095994, VALID
564    1464815438.589068, 11.480000, 0.087268, VALID
565    1464815438.601855, 11.440000, 0.095994, VALID
566    1464815438.614862, 11.429999, 0.087268, VALID
567    1464815438.628839, 11.411818, 0.095994, FILTERED
568    1464815438.642000, 11.389999, 0.087268, VALID
569    1464815438.657010, 11.370000, 0.095994, VALID
570    1464815438.668958, 11.360000, 0.087268, VALID
571    1464815438.682154, 11.330000, 0.095994, VALID
572    1464815438.695838, 11.309999, 0.087268, VALID
573    1464815438.708913, 11.280000, 0.095994, VALID
574    1464815438.721871, 11.270000, 0.087268, VALID
575    1464815438.735858, 11.250000, 0.095994, VALID
576    1464815438.748852, 11.230000, 0.087268, VALID
577    1464815438.763068, 11.200000, 0.095994, VALID
578    1464815438.774807, 11.187273, 0.087268, FILTERED
579    1464815438.788891, 11.170000, 0.095994, VALID
580    1464815438.802900, 11.150000, 0.087268, VALID
581    1464815438.815129, 11.120000, 0.095994, VALID
582    1464815438.828996, 11.120000, 0.087268, VALID
583    1464815438.841774, 11.080000, 0.095994, VALID
584    1464815438.856167, 11.080000, 0.087268, VALID
585    1464815438.868816, 11.050000, 0.095994, VALID
586    1464815438.883148, 11.050000, 0.087268, VALID
587    1464815438.899537, 11.000000, 0.095994, VALID
588    1464815438.908943, 11.000000, 0.087268, VALID
589    1464815438.921861, 10.976363, 0.095994, FILTERED
590    1464815438.938128, 10.950000, 0.087268, VALID
591    1464815438.950125, 10.929999, 0.095994, VALID
592    1464815438.963012, 10.929999, 0.087268, VALID
593    1464815438.976061, 10.889999, 0.095994, VALID
594    1464815438.988066, 10.889999, 0.087268, VALID
595    1464815439.004168, 10.849999, 0.095994, VALID
596    1464815439.015110, 10.830000, 0.087268, VALID
597    1464815439.029623, 10.800000, 0.095994, VALID
598    1464815439.042037, 10.809999, 0.087268, VALID
599    1464815439.056080, 10.770000, 0.095994, VALID
600    1464815439.067835, 10.760000, 0.087268, FILTERED
601    1464815439.083086, 10.740000, 0.095994, VALID
602    1464815439.095015, 10.740000, 0.069814, VALID
603    1464815439.109086, 10.690000, 0.095994, VALID
604    1464815439.121919, 10.700000, 0.087268, VALID
605    1464815439.136131, 10.670000, 0.095994, VALID
606    1464815439.148996, 10.660000, 0.087268, VALID
607    1464815439.162116, 10.630000, 0.095994, VALID
608    1464815439.175960, 10.620000, 0.087268, VALID
609    1464815439.188932, 10.580000, 0.095994, VALID
610    1464815439.202940, 10.590000, 0.069814, VALID
611    1464815439.215929, 10.552727, 0.095994, FILTERED
612    1464815439.229268, 10.540000, 0.087268, VALID
613    1464815439.242046, 10.510000, 0.095994, VALID
614    1464815439.258284, 10.500000, 0.087268, VALID
615    1464815439.268872, 10.460000, 0.095994, VALID
616    1464815439.282898, 10.440000, 0.087268, VALID
617    1464815439.297001, 10.429999, 0.095994, VALID
618    1464815439.308948, 10.410000, 0.087268, VALID
619    1464815439.322857, 10.380000, 0.095994, VALID
620    1464815439.336070, 10.370000, 0.087268, VALID
621    1464815439.348787, 10.360000, 0.078541, VALID
622    1464815439.361813, 10.331818, 0.087268, FILTERED
623    1464815439.375024, 10.309999, 0.095994, VALID
624    1464815439.389994, 10.300000, 0.087268, VALID
625    1464815439.407942, 10.260000, 0.095994, VALID
626    1464815439.416907, 10.260000, 0.087268, VALID
627    1464815439.429922, 10.230000, 0.095994, VALID
628    1464815439.441986, 10.219999, 0.087268, VALID
629    1464815439.457008, 10.190000, 0.095994, VALID
630    1464815439.470015, 10.179999, 0.087268, VALID
631    1464815439.482298, 10.139999, 0.095994, VALID
632    1464815439.495943, 10.130000, 0.087268, VALID
633    1464815439.508873, 10.106363, 0.095994, FILTERED
634    1464815439.521949, 10.080000, 0.087268, VALID
635    1464815439.535875, 10.050000, 0.095994, VALID
636    1464815439.549978, 10.050000, 0.087268, VALID
637    1464815439.562431, 10.010000, 0.095994, VALID
638    1464815439.575978, 10.010000, 0.087268, VALID
639    1464815439.589018, 9.980000, 0.095994, VALID
640    1464815439.601982, 9.969999, 0.087268, VALID
641    1464815439.615914, 9.940000, 0.078541, VALID
642    1464815439.629144, 9.929999, 0.087268, VALID
643    1464815439.641992, 9.900000, 0.095994, VALID
644    1464815439.656150, 9.880000, 0.087268, FILTERED
645    1464815439.669044, 9.860000, 0.095994, VALID
646    1464815439.683043, 9.840000, 0.087268, VALID
647    1464815439.697040, 9.800000, 0.095994, VALID
648    1464815439.708970, 9.800000, 0.087268, VALID
649    1464815439.723145, 9.770000, 0.095994, VALID
650    1464815439.735956, 9.760000, 0.087268, VALID
651    1464815439.749057, 9.730000, 0.095994, VALID
652    1464815439.762102, 9.719999, 0.087268, VALID
653    1464815439.775187, 9.690000, 0.095994, VALID
654    1464815439.789068, 9.679999, 0.087268, VALID
655    1464815439.801955, 9.649091, 0.095994, FILTERED
656    1464815439.816088, 9.630000, 0.087268, VALID
657    1464815439.829055, 9.599999, 0.095994, VALID
658    1464815439.842984, 9.590000, 0.087268, VALID
659    1464815439.855902, 9.550000, 0.095994, VALID
660    1464815439.868807, 9.540000, 0.087268, VALID
661    1464815439.882520, 9.510000, 0.095994, VALID
662    1464815439.895931, 9.500000, 0.087268, VALID
663    1464815439.908777, 9.480000, 0.078541, VALID
664    1464815439.921921, 9.460000, 0.087268, VALID
665    1464815439.936143, 9.429999, 0.095994, VALID
666    1464815439.949397, 9.412727, 0.087268, FILTERED
667    1464815439.961874, 9.400000, 0.078541, VALID
668    1464815439.976985, 9.370000, 0.087268, VALID
669    1464815439.989110, 9.340000, 0.095994, VALID
670    1464815440.003107, 9.330000, 0.087268, VALID
671    1464815440.017041, 9.309999, 0.095994, VALID
672    1464815440.030005, 9.290000, 0.087268, VALID
673    1464815440.041961, 9.260000, 0.095994, VALID
674    1464815440.057427, 9.240000, 0.087268, VALID
675    1464815440.069044, 9.210000, 0.095994, VALID
676    1464815440.083864, 9.200000, 0.087268, VALID
677    1464815440.095874, 9.171818, 0.095994, FILTERED
678    1464815440.108996, 9.150000, 0.087268, VALID
679    1464815440.122138, 9.120000, 0.095994, VALID
680    1464815440.136090, 9.110000, 0.087268, VALID
681    1464815440.149082, 9.080000, 0.095994, VALID
682    1464815440.162026, 9.070000, 0.087268, VALID
683    1464815440.176015, 9.040000, 0.095994, VALID
684    1464815440.188824, 9.020000, 0.087268, VALID
685    1464815440.204710, 8.990000, 0.095994, VALID
686    1464815440.216098, 8.970000, 0.087268, VALID
687    1464815440.230054, 8.950000, 0.095994, VALID
688    1464815440.243095, 8.926363, 0.087268, FILTERED
689    1464815440.255819, 8.889999, 0.095994, VALID
690    1464815440.269067, 8.889999, 0.087268, VALID
691    1464815440.284315, 8.860000, 0.095994, VALID
692    1464815440.296075, 8.840000, 0.087268, VALID
693    1464815440.310101, 8.809999, 0.095994, VALID
694    1464815440.323279, 8.790000, 0.087268, VALID
695    1464815440.336077, 8.770000, 0.095994, VALID
696    1464815440.350899, 8.750000, 0.087268, VALID
697    1464815440.362932, 8.720000, 0.095994, VALID
698    1464815440.376130, 8.710000, 0.087268, VALID
699    1464815440.390064, 8.679091, 0.095994, FILTERED
700    1464815440.403237, 8.660000, 0.087268, VALID
701    1464815440.415973, 8.630000, 0.095994, VALID
702    1464815440.430107, 8.620000, 0.087268, VALID
703    1464815440.442973, 8.580000, 0.095994, VALID
704    1464815440.455653, 8.559999, 0.087268, VALID
705    1464815440.468612, 8.540000, 0.095994, VALID
706    1464815440.483749, 8.520000, 0.087268, VALID
707    1464815440.495683, 8.500000, 0.095994, VALID
708    1464815440.509750, 8.490000, 0.087268, VALID
709    1464815440.522663, 8.460000, 0.095994, VALID
710    1464815440.538698, 8.437273, 0.087268, FILTERED
711    1464815440.548977, 8.420000, 0.095994, VALID
712    1464815440.563572, 8.400000, 0.087268, VALID
713    1464815440.575217, 8.370000, 0.095994, VALID
714    1464815440.588941, 8.349999, 0.087268, VALID
715    1464815440.602987, 8.320000, 0.095994, VALID
716    1464815440.614967, 8.309999, 0.087268, VALID
717    1464815440.629553, 8.270000, 0.095994, VALID
718    1464815440.643183, 8.260000, 0.087268, VALID
719    1464815440.656224, 8.240000, 0.078541, VALID
720    1464815440.670194, 8.220000, 0.087268, VALID
721    1464815440.682451, 8.191818, 0.095994, FILTERED
722    1464815440.696158, 8.179999, 0.069814, VALID
723    1464815440.708212, 8.139999, 0.095994, VALID
724    1464815440.723072, 8.130000, 0.087268, VALID
725    1464815440.735339, 8.099999, 0.095994, VALID
726    1464815440.750415, 8.070000, 0.087268, VALID
727    1464815440.762367, 8.059999, 0.078541, VALID
728    1464815440.776010, 8.030000, 0.087268, VALID
729    1464815440.790258, 8.010000, 0.095994, VALID
730    1464815440.803121, 7.990000, 0.087268, VALID
731    1464815440.815134, 7.970000, 0.095994, VALID
732    1464815440.828956, 7.944545, 0.087268, FILTERED
733    1464815440.843109, 7.910000, 0.095994, VALID
734    1464815440.855537, 7.900000, 0.087268, VALID
735    1464815440.870070, 7.880000, 0.078541, VALID
736    1464815440.883097, 7.860000, 0.087268, VALID
737    1464815440.895207, 7.830000, 0.095994, VALID
738    1464815440.910021, 7.810000, 0.087268, VALID
739    1464815440.922035, 7.790000, 0.078541, VALID
740    1464815440.936118, 7.770000, 0.087268, VALID
741    1464815440.950148, 7.730000, 0.095994, VALID
742    1464815440.964127, 7.720000, 0.087268, VALID
743    1464815440.976098, 7.694545, 0.095994, FILTERED
744    1464815440.990185, 7.670000, 0.087268, VALID
745    1464815441.002150, 7.650000, 0.078541, VALID
746    1464815441.017110, 7.630000, 0.087268, VALID
747    1464815441.030021, 7.590000, 0.095994, VALID
748    1464815441.044237, 7.590000, 0.087268, VALID
749    1464815441.056365, 7.560000, 0.078541, VALID
750    1464815441.069117, 7.530000, 0.087268, VALID
751    1464815441.084248, 7.510000, 0.095994, VALID
752    1464815441.096057, 7.500000, 0.087268, VALID
753    1464815441.109067, 7.460000, 0.095994, VALID
754    1464815441.123060, 7.442727, 0.087268, FILTERED
755    1464815441.136168, 7.420000, 0.095994, VALID
756    1464815441.148999, 7.400000, 0.087268, VALID
757    1464815441.162187, 7.370000, 0.095994, VALID
758    1464815441.177058, 7.350000, 0.087268, VALID
759    1464815441.193902, 7.330000, 0.095994, VALID
760    1464815441.202880, 7.310000, 0.087268, VALID
761    1464815441.215929, 7.280000, 0.095994, VALID
762    1464815441.229233, 7.270000, 0.087268, VALID
763    1464815441.241869, 7.230000, 0.095994, VALID
764    1464815441.256076, 7.220000, 0.087268, VALID
765    1464815441.269926, 7.193636, 0.095994, FILTERED
766    1464815441.282101, 7.170000, 0.087268, VALID
767    1464815441.299584, 7.150000, 0.078541, VALID
768    1464815441.312035, 7.130000, 0.087268, VALID
769    1464815441.321975, 7.100000, 0.095994, VALID
770    1464815441.336228, 7.080000, 0.087268, VALID
771    1464815441.349357, 7.060000, 0.095994, VALID
772    1464815441.363293, 7.040000, 0.087268, VALID
773    1464815441.375282, 7.010000, 0.095994, VALID
774    1464815441.389282, 6.990000, 0.087268, VALID
775    1464815441.402355, 6.970000, 0.078541, VALID
776    1464815441.415270, 6.948182, 0.087268, FILTERED
777    1464815441.429236, 6.920000, 0.095994, VALID
778    1464815441.442415, 6.900000, 0.087268, VALID
779    1464815441.456301, 6.880000, 0.095994, VALID
780    1464815441.469445, 6.870000, 0.087268, VALID
781    1464815441.482412, 6.840000, 0.095994, VALID
782    1464815441.496248, 6.810000, 0.087268, VALID
783    1464815441.509788, 6.800000, 0.095994, VALID
784    1464815441.524929, 6.770000, 0.087268, VALID
785    1464815441.537225, 6.740000, 0.095994, VALID
786    1464815441.549275, 6.740000, 0.069814, VALID
787    1464815441.562296, 6.709091, 0.095994, FILTERED
788    1464815441.578288, 6.690000, 0.087268, VALID
789    1464815441.589419, 6.670000, 0.095994, VALID
790    1464815441.602263, 6.650000, 0.087268, VALID
791    1464815441.616357, 6.630000, 0.095994, VALID
792    1464815441.631139, 6.600000, 0.087268, VALID
793    1464815441.642250, 6.580000, 0.095994, VALID
794    1464815441.655232, 6.560000, 0.087268, VALID
795    1464815441.669292, 6.540000, 0.095994, VALID
796    1464815441.683793, 6.530000, 0.087268, VALID
797    1464815441.695790, 6.490000, 0.095994, VALID
798    1464815441.710746, 6.479091, 0.087268, FILTERED
799    1464815441.723706, 6.450000, 0.095994, VALID
800    1464815441.736583, 6.440000, 0.087268, VALID
801    1464815441.749660, 6.420000, 0.095994, VALID
802    1464815441.762575, 6.400000, 0.087268, VALID
803    1464815441.775688, 6.380000, 0.078541, VALID
804    1464815441.792301, 6.350000, 0.087268, VALID
805    1464815441.803834, 6.330000, 0.095994, VALID
806    1464815441.815953, 6.310000, 0.087268, VALID
807    1464815441.831106, 6.280000, 0.095994, VALID
808    1464815441.842976, 6.260000, 0.087268, VALID
809    1464815441.855376, 6.245454, 0.095994, FILTERED
810    1464815441.869960, 6.230000, 0.087268, VALID
811    1464815441.883118, 6.200000, 0.095994, VALID
812    1464815441.896236, 6.180000, 0.087268, VALID
813    1464815441.910953, 6.160000, 0.095994, VALID
814    1464815441.922992, 6.160000, 0.087268, VALID
815    1464815441.934911, 6.120000, 0.095994, VALID
816    1464815441.949960, 6.110000, 0.087268, VALID
817    1464815441.961904, 6.080000, 0.095994, VALID
818    1464815441.975955, 6.080000, 0.069814, VALID
819    1464815441.988939, 6.050000, 0.095994, VALID
820    1464815442.001947, 6.031818, 0.087268, FILTERED
821    1464815442.016080, 6.010000, 0.095994, VALID
822    1464815442.029279, 5.990000, 0.087268, VALID
823    1464815442.043493, 5.980000, 0.078541, VALID
824    1464815442.058311, 5.960000, 0.087268, VALID
825    1464815442.069957, 5.930000, 0.095994, VALID
826    1464815442.083041, 5.910000, 0.087268, VALID
827    1464815442.097084, 5.890000, 0.095994, VALID
828    1464815442.109009, 5.870000, 0.087268, VALID
829    1464815442.123069, 5.840000, 0.095994, VALID
830    1464815442.137028, 5.840000, 0.087268, VALID
831    1464815442.149122, 5.816363, 0.095994, FILTERED
832    1464815442.163075, 5.800000, 0.087268, VALID
833    1464815442.178057, 5.780000, 0.095994, VALID
834    1464815442.188975, 5.770000, 0.087268, VALID
835    1464815442.202085, 5.740000, 0.095994, VALID
836    1464815442.215938, 5.730000, 0.087268, VALID
837    1464815442.231077, 5.710000, 0.078541, VALID
838    1464815442.243029, 5.690000, 0.087268, VALID
839    1464815442.256140, 5.660000, 0.095994, VALID
840    1464815442.270002, 5.650000, 0.087268, VALID
841    1464815442.282502, 5.630000, 0.095994, VALID
842    1464815442.297088, 5.616363, 0.087268, FILTERED
843    1464815442.310058, 5.590000, 0.095994, VALID
844    1464815442.323141, 5.580000, 0.087268, VALID
845    1464815442.337033, 5.570000, 0.095994, VALID
846    1464815442.348998, 5.550000, 0.087268, VALID
847    1464815442.363072, 5.530000, 0.078541, VALID
848    1464815442.377176, 5.510000, 0.087268, VALID
849    1464815442.390008, 5.490000, 0.095994, VALID
850    1464815442.403095, 5.480000, 0.069814, VALID
851    1464815442.416050, 5.460000, 0.095994, VALID
852    1464815442.430007, 5.440000, 0.087268, VALID
853    1464815442.443180, 5.422727, 0.095994, FILTERED
854    1464815442.457218, 5.410000, 0.069814, VALID
855    1464815442.472079, 5.390000, 0.078541, VALID
856    1464815442.484084, 5.360000, 0.087268, VALID
857    1464815442.497202, 5.340000, 0.095994, VALID
858    1464815442.509931, 5.340000, 0.087268, VALID
859    1464815442.524044, 5.320000, 0.095994, VALID
860    1464815442.536944, 5.300000, 0.087268, VALID
861    1464815442.549885, 5.290000, 0.078541, VALID
862    1464815442.566163, 5.280000, 0.087268, VALID
863    1464815442.577058, 5.260000, 0.095994, VALID
864    1464815442.588922, 5.242727, 0.087268, FILTERED
865    1464815442.604137, 5.220000, 0.095994, VALID
866    1464815442.616353, 5.210000, 0.087268, VALID
867    1464815442.631815, 5.190000, 0.095994, VALID
868    1464815442.643981, 5.190000, 0.069814, VALID
869    1464815442.655946, 5.170000, 0.095994, VALID
870    1464815442.670084, 5.160000, 0.087268, VALID
871    1464815442.682967, 5.140000, 0.078541, VALID
872    1464815442.695970, 5.130000, 0.087268, VALID
873    1464815442.709958, 5.110000, 0.078541, VALID
874    1464815442.722988, 5.090000, 0.087268, VALID
875    1464815442.736011, 5.071818, 0.095994, FILTERED
876    1464815442.750175, 5.050000, 0.069814, VALID
877    1464815442.764168, 5.040000, 0.078541, VALID
878    1464815442.777115, 5.020000, 0.087268, VALID
879    1464815442.791573, 5.000000, 0.095994, VALID
880    1464815442.802999, 4.990000, 0.087268, VALID
881    1464815442.816928, 4.970000, 0.095994, VALID
882    1464815442.830225, 4.960000, 0.069814, VALID
883    1464815442.844092, 4.930000, 0.095994, VALID
884    1464815442.859639, 4.930000, 0.052361, VALID
885    1464815442.871423, 4.910000, 0.078541, VALID
886    1464815442.883399, 4.891818, 0.087268, FILTERED
887    1464815442.896408, 4.880000, 0.061088, VALID
888    1464815442.910476, 4.860000, 0.087268, VALID
889    1464815442.924267, 4.840000, 0.095994, VALID
890    1464815442.936189, 4.830000, 0.069814, VALID
891    1464815442.950343, 4.810000, 0.078541, VALID
892    1464815442.965202, 4.800000, 0.087268, VALID
893    1464815442.977471, 4.790000, 0.095994, VALID
894    1464815442.991219, 4.770000, 0.087268, VALID
895    1464815443.003398, 4.760000, 0.095994, VALID
896    1464815443.015646, 4.740000, 0.087268, VALID
897    1464815443.031557, 4.727273, 0.095994, FILTERED
898    1464815443.043437, 4.720000, 0.069814, VALID
899    1464815443.058708, 4.700000, 0.095994, VALID
900    1464815443.070637, 4.680000, 0.087268, VALID
901    1464815443.084581, 4.660000, 0.095994, VALID
902    1464815443.097459, 4.660000, 0.069814, VALID
903    1464815443.111086, 4.630000, 0.095994, VALID
904    1464815443.122542, 4.620000, 0.087268, VALID
905    1464815443.136458, 4.610000, 0.078541, VALID
906    1464815443.150497, 4.600000, 0.087268, VALID
907    1464815443.164399, 4.580000, 0.078541, VALID
908    1464815443.177567, 4.561818, 0.087268, FILTERED
909    1464815443.190391, 4.550000, 0.061088, VALID
910    1464815443.203416, 4.530000, 0.087268, VALID
911    1464815443.217476, 4.510000, 0.095994, VALID
912    1464815443.230382, 4.500000, 0.087268, VALID
913    1464815443.243383, 4.480000, 0.095994, VALID
914    1464815443.261029, 4.470000, 0.087268, VALID
915    1464815443.269897, 4.450000, 0.095994, VALID
916    1464815443.285260, 4.430000, 0.087268, VALID
917    1464815443.298114, 4.430000, 0.061088, VALID
918    1464815443.311771, 4.410000, 0.069814, VALID
919    1464815443.323668, 4.390909, 0.095994, FILTERED
920    1464815443.337893, 4.370000, 0.087268, VALID
921    1464815443.349732, 4.360000, 0.078541, VALID
922    1464815443.362867, 4.350000, 0.069814, VALID
923    1464815443.376768, 4.330000, 0.095994, VALID
924    1464815443.390763, 4.310000, 0.087268, VALID
925    1464815443.404993, 4.290000, 0.078541, VALID
926    1464815443.417793, 4.280000, 0.087268, VALID
927    1464815443.431114, 4.280000, 0.061088, VALID
928    1464815443.443684, 4.260000, 0.087268, VALID
929    1464815443.460797, 4.240000, 0.061088, VALID
930    1464815443.471877, 4.226364, 0.087268, FILTERED
931    1464815443.484998, 4.210000, 0.095994, VALID
932    1464815443.498073, 4.200000, 0.052361, VALID
933    1464815443.510126, 4.180000, 0.061088, VALID
934    1464815443.525814, 4.170000, 0.052361, VALID
935    1464815443.536924, 4.150000, 0.095994, VALID
936    1464815443.549915, 4.140000, 0.069814, VALID
937    1464815443.564036, 4.110000, 0.095994, VALID
938    1464815443.578356, 4.100000, 0.087268, VALID
939    1464815443.590603, 4.100000, 0.061088, VALID
940    1464815443.605140, 4.080000, 0.069814, VALID
941    1464815443.616949, 4.060909, 0.095994, FILTERED
942    1464815443.630833, 4.050000, 0.069814, VALID
943    1464815443.643862, 4.020000, 0.095994, VALID
944    1464815443.657874, 4.020000, 0.069814, VALID
945    1464815443.669055, 4.000000, 0.095994, VALID
946    1464815443.685039, 3.990000, 0.087268, VALID
947    1464815443.697081, 3.970000, 0.095994, VALID
948    1464815443.712896, 3.960000, 0.087268, VALID
949    1464815443.724077, 3.950000, 0.061088, VALID
950    1464815443.737221, 3.920000, 0.087268, VALID
951    1464815443.751944, 3.900000, 0.095994, VALID
952    1464815443.764017, 3.894545, 0.069814, FILTERED
953    1464815443.776891, 3.880000, 0.095994, VALID
954    1464815443.790846, 3.860000, 0.087268, VALID
955    1464815443.803981, 3.850000, 0.078541, VALID
956    1464815443.817678, 3.830000, 0.087268, VALID
957    1464815443.829913, 3.820000, 0.078541, VALID
958    1464815443.843855, 3.810000, 0.052361, VALID
959    1464815443.858773, 3.790000, 0.095994, VALID
960    1464815443.873864, 3.740000, 0.087268, VALID
961    1464815443.885984, 3.730000, 0.078541, VALID
962    1464815443.897659, 3.720000, 0.069814, VALID
963    1464815443.911752, 3.700909, 0.095994, FILTERED
964    1464815443.923990, 3.680000, 0.069814, VALID
965    1464815443.937700, 3.670000, 0.043634, VALID
966    1464815443.950841, 3.640000, 0.087268, VALID
967    1464815443.963677, 3.620000, 0.095994, VALID
968    1464815443.977841, 3.620000, 0.069814, VALID
969    1464815443.990672, 3.610000, 0.078541, VALID
970    1464815444.003717, 3.590000, 0.087268, VALID
971    1464815444.017749, 3.570000, 0.095994, VALID
972    1464815444.030890, 3.570000, 0.052361, VALID
973    1464815444.043658, 3.550000, 0.061088, VALID
974    1464815444.058825, 3.531818, 0.087268, FILTERED
975    1464815444.070740, 3.500000, 0.095994, VALID
976    1464815444.083964, 3.500000, 0.087268, VALID
977    1464815444.099024, 3.490000, 0.078541, VALID
978    1464815444.110887, 3.480000, 0.087268, VALID
979    1464815444.124885, 3.460000, 0.095994, VALID
980    1464815444.137878, 3.450000, 0.069814, VALID
981    1464815444.151735, 3.430000, 0.078541, VALID
982    1464815444.163760, 3.430000, 0.052361, VALID
983    1464815444.178839, 3.410000, 0.095994, VALID
984    1464815444.190667, 3.400000, 0.087268, VALID
985    1464815444.203695, 3.380909, 0.095994, FILTERED
986    1464815444.217984, 3.370000, 0.069814, VALID
987    1464815444.231399, 3.340000, 0.095994, VALID
988    1464815444.245208, 3.340000, 0.069814, VALID
989    1464815444.258479, 3.330000, 0.078541, VALID
990    1464815444.279698, 3.320000, 0.087268, VALID
991    1464815444.283575, 3.300000, 0.095994, VALID
992    1464815444.298658, 3.290000, 0.087268, VALID
993    1464815444.310622, 3.280000, 0.078541, VALID
994    1464815444.325944, 3.270000, 0.069814, VALID
995    1464815444.337859, 3.250000, 0.078541, VALID
996    1464815444.349877, 3.244545, 0.052361, FILTERED
997    1464815444.364999, 3.230000, 0.095994, VALID
998    1464815444.376902, 3.230000, 0.069814, VALID
999    1464815444.391183, 3.210000, 0.078541, VALID
1000    1464815444.405394, 3.200000, 0.087268, VALID
1001    1464815444.417470, 3.180000, 0.095994, VALID
1002    1464815444.431414, 3.180000, 0.069814, VALID
1003    1464815444.444547, 3.160000, 0.078541, VALID
1004    1464815444.458436, 3.160000, 0.052361, VALID
1005    1464815444.473493, 3.140000, 0.095994, VALID
1006    1464815444.485478, 3.130000, 0.087268, VALID
1007    1464815444.497396, 3.118182, 0.095994, FILTERED
1008    1464815444.511594, 3.100000, 0.087268, VALID
1009    1464815444.525513, 3.090000, 0.078541, VALID
1010    1464815444.537434, 3.090000, 0.052361, VALID
1011    1464815444.551476, 3.070000, 0.095994, VALID
1012    1464815444.564528, 3.070000, 0.069814, VALID
1013    1464815444.577961, 3.050000, 0.095994, VALID
1014    1464815444.591609, 3.040000, 0.087268, VALID
1015    1464815444.604741, 3.030000, 0.078541, VALID
1016    1464815444.618642, 3.020000, 0.069814, VALID
1017    1464815444.631626, 3.010000, 0.095994, VALID
1018    1464815444.647612, 3.001818, 0.069814, FILTERED
1019    1464815444.657633, 2.990000, 0.078541, VALID
1020    1464815444.673404, 2.980000, 0.087268, VALID
1021    1464815444.685674, 2.970000, 0.078541, VALID
1022    1464815444.697661, 2.960000, 0.069814, VALID
1023    1464815444.710633, 2.960000, 0.043634, VALID
1024    1464815444.725662, 2.950000, 0.069814, VALID
1025    1464815444.736743, 2.930000, 0.095994, VALID
1026    1464815444.751703, 2.940000, 0.052361, VALID
1027    1464815444.764669, 2.910000, 0.095994, VALID
1028    1464815444.777531, 2.900000, 0.087268, VALID
1029    1464815444.789781, 2.900909, 0.061088, FILTERED
1030    1464815444.808301, 2.890000, 0.087268, VALID
1031    1464815444.817271, 2.880000, 0.095994, VALID
1032    1464815444.831229, 2.880000, 0.052361, VALID
1033    1464815444.845072, 2.870000, 0.095994, VALID
1034    1464815444.858402, 2.860000, 0.069814, VALID
1035    1464815444.872156, 2.850000, 0.095994, VALID
1036    1464815444.884122, 2.850000, 0.052361, VALID
1037    1464815444.898230, 2.830000, 0.095994, VALID
1038    1464815444.911496, 2.830000, 0.052361, VALID
1039    1464815444.924639, 2.810000, 0.095994, VALID
1040    1464815444.937587, 2.810909, 0.069814, FILTERED
1041    1464815444.950722, 2.800000, 0.078541, VALID
1042    1464815444.964440, 2.800000, 0.087268, VALID
1043    1464815444.978042, 2.780000, 0.095994, VALID
1044    1464815444.991607, 2.780000, 0.087268, VALID
1045    1464815445.004618, 2.780000, 0.061088, VALID
1046    1464815445.017561, 2.770000, 0.069814, VALID
1047    1464815445.032866, 2.760000, 0.078541, VALID
1048    1464815445.044711, 2.760000, 0.052361, VALID
1049    1464815445.057823, 2.750000, 0.095994, VALID
1050    1464815445.070704, 2.750000, 0.069814, VALID
1051    1464815445.084709, 2.738182, 0.078541, FILTERED
1052    1464815445.098721, 2.730000, 0.087268, VALID
1053    1464815445.111892, 2.720000, 0.095994, VALID
1054    1464815445.123596, 2.720000, 0.069814, VALID
1055    1464815445.137701, 2.710000, 0.078541, VALID
1056    1464815445.150746, 2.710000, 0.069814, VALID
1057    1464815445.164719, 2.710000, 0.043634, VALID
1058    1464815445.177204, 2.700000, 0.069814, VALID
1059    1464815445.191151, 2.700000, 0.043634, VALID
1060    1464815445.205082, 2.700000, 0.052361, VALID
1061    1464815445.218083, 2.690000, 0.078541, VALID
1062    1464815445.231014, 2.686364, 0.069814, FILTERED
1063    1464815445.244622, 2.680000, 0.078541, VALID
1064    1464815445.258617, 2.680000, 0.069814, VALID
1065    1464815445.271734, 2.670000, 0.095994, VALID
1066    1464815445.284760, 2.670000, 0.069814, VALID
1067    1464815445.297653, 2.660000, 0.095994, VALID
1068    1464815445.310659, 2.660000, 0.087268, VALID
1069    1464815445.324739, 2.660000, 0.078541, VALID
1070    1464815445.338642, 2.660000, 0.052361, VALID
1071    1464815445.351730, 2.650000, 0.095994, VALID
1072    1464815445.363650, 2.650000, 0.069814, VALID
1073    1464815445.377771, 2.651818, 0.061088, FILTERED
1074    1464815445.391637, 2.650000, 0.069814, VALID
1075    1464815445.404552, 2.650000, 0.061088, VALID
1076    1464815445.418622, 2.650000, 0.052361, VALID
1077    1464815445.431570, 2.640000, 0.095994, VALID
1078    1464815445.444684, 2.650000, 0.052361, VALID
1079    1464815445.457789, 2.640000, 0.095994, VALID
1080    1464815445.470760, 2.640000, 0.087268, VALID
1081    1464815445.484714, 2.640000, 0.095994, VALID
1082    1464815445.497798, 2.640000, 0.069814, VALID
1083    1464815445.510741, 2.630000, 0.095994, VALID
1084    1464815445.525667, 2.636364, 0.087268, FILTERED
1085    1464815445.538865, 2.630000, 0.095994, VALID
1086    1464815445.550489, 2.630000, 0.087268, VALID
1087    1464815445.565769, 2.630000, 0.095994, VALID
1088    1464815445.577954, 2.640000, 0.069814, VALID
1089    1464815445.591686, 2.640000, 0.078541, VALID
1090    1464815445.605477, 2.640000, 0.087268, VALID
1091    1464815445.617566, 2.630000, 0.078541, VALID
1092    1464815445.631454, 2.640000, 0.052361, VALID
1093    1464815445.644619, 2.630000, 0.078541, VALID
1094    1464815445.658576, 2.640000, 0.069814, VALID
1095    1464815445.672457, 2.636364, 0.095994, FILTERED
1096    1464815445.685700, 2.640000, 0.069814, VALID
1097    1464815445.697678, 2.640000, 0.061088, VALID
1098    1464815445.711662, 2.630000, 0.087268, VALID
1099    1464815445.724674, 2.630000, 0.095994, VALID
1100    1464815445.739674, 2.650000, 0.017454, VALID
1101    1464815445.750574, 2.640000, 0.061088, VALID
1102    1464815445.765621, 2.640000, 0.087268, VALID
1103    1464815445.777816, 2.630000, 0.095994, VALID
1104    1464815445.790527, 2.650000, 0.034908, VALID
1105    1464815445.804507, 2.640000, 0.078541, VALID
1106    1464815445.818485, 2.643636, 0.087268, FILTERED
1107    1464815445.831501, 2.640000, 0.095994, VALID
1108    1464815445.844523, 2.650000, 0.069814, VALID
1109    1464815445.858089, 2.650000, 0.061088, VALID
1110    1464815445.871447, 2.650000, 0.052361, VALID
1111    1464815445.885834, 2.650000, 0.043634, VALID
1112    1464815445.898629, 2.650000, 0.052361, VALID
1113    1464815445.911543, 2.640000, 0.095994, VALID
1114    1464815445.924664, 2.650000, 0.087268, VALID
1115    1464815445.937850, 2.660000, 0.026181, VALID
1116    1464815445.951649, 2.660000, 0.017454, VALID
1117    1464815445.965565, 2.652727, 0.026181, FILTERED
1118    1464815445.977526, 2.660000, 0.034908, VALID
1119    1464815445.991548, 2.650000, 0.095994, VALID
1120    1464815446.004775, 2.650000, 0.087268, VALID
1121    1464815446.017557, 2.650000, 0.078541, VALID
1122    1464815446.031534, 2.650000, 0.034908, VALID
1123    1464815446.044592, 2.650000, 0.095994, VALID
1124    1464815446.057585, 2.650000, 0.087268, VALID
1125    1464815446.072548, 2.650000, 0.095994, VALID
1126    1464815446.084709, 2.650000, 0.087268, VALID
1127    1464815446.099576, 2.650000, 0.095994, VALID
1128    1464815446.113529, 2.650000, 0.052361, FILTERED
1129    1464815446.124694, 2.650000, 0.095994, VALID
1130    1464815446.137540, 2.650000, 0.069814, VALID
1131    1464815446.152611, 2.650000, 0.078541, VALID
1132    1464815446.164589, 2.650000, 0.069814, VALID
1133    1464815446.178592, 2.650000, 0.061088, VALID
1134    1464815446.193492, 2.640000, 0.087268, VALID
1135    1464815446.204707, 2.650000, 0.061088, VALID
1136    1464815446.219539, 2.650000, 0.069814, VALID
1137    1464815446.232581, 2.650000, 0.061088, VALID
1138    1464815446.244570, 2.650000, 0.069814, VALID
1139    1464815446.257575, 2.648182, 0.095994, FILTERED
1140    1464815446.271486, 2.650000, 0.069814, VALID
1141    1464815446.284578, 2.650000, 0.061088, VALID
1142    1464815446.298540, 2.650000, 0.052361, VALID
1143    1464815446.312646, 2.650000, 0.061088, VALID
1144    1464815446.324605, 2.650000, 0.052361, VALID
1145    1464815446.337584, 2.650000, 0.061088, VALID
1146    1464815446.351581, 2.650000, 0.069814, VALID
1147    1464815446.364761, 2.640000, 0.061088, VALID
1148    1464815446.378875, 2.650000, 0.069814, VALID
1149    1464815446.394615, 2.650000, 0.043634, VALID
1150    1464815446.405322, 2.649091, 0.052361, FILTERED
1151    1464815446.418631, 2.650000, 0.061088, VALID
1152    1464815446.431753, 2.650000, 0.052361, VALID
1153    1464815446.444948, 2.650000, 0.061088, VALID
1154    1464815446.459775, 2.650000, 0.052361, VALID
1155    1464815446.472711, 2.650000, 0.061088, VALID
1156    1464815446.485218, 2.650000, 0.052361, VALID
1157    1464815446.498591, 2.650000, 0.061088, VALID
1158    1464815446.510591, 2.650000, 0.052361, VALID
1159    1464815446.524712, 2.650000, 0.061088, VALID
1160    1464815446.538551, 2.650000, 0.069814, VALID
1161    1464815446.551593, 2.650000, 0.061088, FILTERED
1162    1464815446.564544, 2.650000, 0.069814, VALID
1163    1464815446.578737, 2.650000, 0.061088, VALID
1164    1464815446.592547, 2.650000, 0.052361, VALID
1165    1464815446.604588, 2.650000, 0.061088, VALID
1166    1464815446.619816, 2.650000, 0.069814, VALID
1167    1464815446.631859, 2.650000, 0.061088, VALID
1168    1464815446.645956, 2.650000, 0.052361, VALID
1169    1464815446.658600, 2.650000, 0.061088, VALID
1170    1464815446.671729, 2.650000, 0.087268, VALID
1171    1464815446.686908, 2.650000, 0.095994, VALID
1172    1464815446.698628, 2.650000, 0.087268, FILTERED
1173    1464815446.710574, 2.650000, 0.095994, VALID
1174    1464815446.725767, 2.650000, 0.087268, VALID
1175    1464815446.738647, 2.650000, 0.095994, VALID
1176    1464815446.751926, 2.650000, 0.087268, VALID
1177    1464815446.765538, 2.650000, 0.095994, VALID
1178    1464815446.777889, 2.660000, 0.034908, VALID
1179    1464815446.790568, 2.650000, 0.095994, VALID
1180    1464815446.804893, 2.650000, 0.052361, VALID
1181    1464815446.817661, 2.650000, 0.095994, VALID
1182    1464815446.830630, 2.650000, 0.087268, VALID
1183    1464815446.845662, 2.651818, 0.095994, FILTERED
1184    1464815446.857596, 2.650000, 0.087268, VALID
1185    1464815446.873643, 2.650000, 0.095994, VALID
1186    1464815446.885801, 2.650000, 0.087268, VALID
1187    1464815446.898680, 2.660000, 0.008728, VALID
1188    1464815446.911654, 2.650000, 0.087268, VALID
1189    1464815446.924514, 2.650000, 0.095994, VALID
1190    1464815446.938683, 2.650000, 0.087268, VALID
1191    1464815446.950819, 2.650000, 0.095994, VALID
1192    1464815446.965659, 2.650000, 0.034908, VALID
1193    1464815446.978287, 2.650000, 0.095994, VALID
1194    1464815446.992574, 2.650909, 0.034908, FILTERED
1195    1464815447.004902, 2.650000, 0.095994, VALID
1196    1464815447.017741, 2.650000, 0.087268, VALID
1197    1464815447.031696, 2.650000, 0.078541, VALID
1198    1464815447.045108, 2.650000, 0.087268, VALID
1199    1464815447.045108, 2.650000, 0.087268, VALID
